s10	s11	s12	s13	s14	s15	s16	s17	s18	s19	S1	s20	S2	s3	s4	s5	s6	s7	s8	s9	cov_bin
459.0	338.0	424.0	373.0	376.0	367.0	276.0	367.0	385.0	512.0	324.0	319.0	367.0	341.0	508.0	530.0	468.0	340.0	343.0	386.0	0
159.0	155.0	163.0	194.0	75.0	161.0	100.0	176.0	117.0	178.0	117.0	89.0	169.0	66.0	205.0	150.0	275.0	223.0	122.0	115.0	1
67.0	184.0	107.0	111.0	80.0	109.0	117.0	139.0	107.0	305.0	91.0	109.0	144.0	74.0	142.0	98.0	131.0	154.0	99.0	72.0	2
137.0	188.0	111.0	134.0	70.0	102.0	95.0	98.0	75.0	222.0	97.0	50.0	171.0	91.0	150.0	166.0	121.0	194.0	90.0	92.0	3
121.0	199.0	89.0	175.0	92.0	126.0	113.0	173.0	109.0	210.0	103.0	66.0	165.0	108.0	151.0	201.0	166.0	173.0	88.0	95.0	4
102.0	216.0	125.0	108.0	107.0	99.0	116.0	134.0	112.0	290.0	106.0	126.0	355.0	132.0	184.0	182.0	124.0	122.0	115.0	88.0	5
177.0	164.0	226.0	176.0	177.0	176.0	130.0	176.0	136.0	349.0	119.0	154.0	368.0	250.0	141.0	246.0	117.0	176.0	138.0	101.0	6
219.0	150.0	188.0	190.0	207.0	187.0	197.0	182.0	168.0	344.0	62.0	214.0	454.0	218.0	223.0	319.0	148.0	137.0	193.0	142.0	7
231.0	226.0	192.0	210.0	208.0	214.0	202.0	207.0	162.0	386.0	122.0	210.0	688.0	211.0	202.0	357.0	222.0	204.0	203.0	246.0	8
275.0	183.0	242.0	212.0	325.0	268.0	168.0	230.0	178.0	402.0	129.0	278.0	712.0	265.0	209.0	427.0	239.0	186.0	184.0	240.0	9
260.0	237.0	285.0	289.0	318.0	306.0	231.0	223.0	191.0	475.0	138.0	296.0	620.0	277.0	326.0	401.0	216.0	219.0	173.0	191.0	10
320.0	255.0	327.0	256.0	366.0	391.0	242.0	169.0	230.0	573.0	203.0	257.0	755.0	416.0	275.0	484.0	192.0	218.0	221.0	168.0	11
355.0	251.0	339.0	361.0	272.0	409.0	246.0	250.0	189.0	663.0	183.0	262.0	832.0	355.0	343.0	696.0	234.0	206.0	276.0	173.0	12
468.0	299.0	449.0	468.0	341.0	409.0	235.0	288.0	267.0	867.0	233.0	337.0	999.0	386.0	339.0	1068.0	291.0	257.0	339.0	246.0	13
557.0	359.0	514.0	449.0	363.0	619.0	376.0	359.0	286.0	1272.0	202.0	441.0	1188.0	505.0	455.0	1271.0	344.0	288.0	355.0	284.0	14
739.0	489.0	620.0	566.0	408.0	681.0	448.0	496.0	373.0	1582.0	173.0	556.0	1237.0	600.0	508.0	1552.0	374.0	390.0	472.0	315.0	15
887.0	420.0	827.0	649.0	625.0	754.0	527.0	532.0	473.0	1783.0	253.0	585.0	1554.0	715.0	661.0	1603.0	356.0	400.0	513.0	391.0	16
1159.0	483.0	791.0	717.0	678.0	829.0	678.0	708.0	523.0	2322.0	233.0	674.0	1815.0	840.0	757.0	1976.0	404.0	484.0	606.0	349.0	17
1467.0	512.0	855.0	806.0	1047.0	966.0	787.0	747.0	633.0	2886.0	223.0	754.0	1890.0	989.0	937.0	2368.0	468.0	535.0	675.0	419.0	18
1501.0	651.0	806.0	853.0	1114.0	1104.0	913.0	951.0	693.0	3026.0	250.0	788.0	2032.0	906.0	956.0	2885.0	596.0	629.0	832.0	571.0	19
1839.0	876.0	895.0	1031.0	1191.0	1341.0	973.0	1060.0	877.0	4085.0	327.0	992.0	2534.0	917.0	1181.0	3065.0	734.0	640.0	1143.0	652.0	20
2254.0	891.0	1027.0	1260.0	1405.0	1860.0	1396.0	1325.0	1026.0	4993.0	311.0	1109.0	2861.0	1000.0	1283.0	3648.0	889.0	727.0	1328.0	746.0	21
3030.0	1199.0	1175.0	1561.0	1728.0	1800.0	1517.0	1314.0	1133.0	6248.0	429.0	1489.0	2980.0	1234.0	1492.0	4291.0	904.0	850.0	1377.0	732.0	22
3920.0	1322.0	1511.0	1806.0	1908.0	2010.0	1996.0	1526.0	1382.0	7803.0	544.0	1469.0	3403.0	1336.0	1786.0	4888.0	1047.0	1139.0	1732.0	846.0	23
5120.0	1562.0	1787.0	2268.0	2320.0	2722.0	2372.0	1742.0	1609.0	8708.0	522.0	1732.0	4246.0	1519.0	2192.0	5804.0	1274.0	1267.0	2136.0	1060.0	24
6400.0	1941.0	2108.0	2679.0	2822.0	3410.0	2684.0	1679.0	1851.0	10904.0	501.0	2375.0	5082.0	2028.0	2401.0	6650.0	1547.0	1631.0	2841.0	1262.0	25
7871.0	2229.0	2510.0	3496.0	3399.0	4348.0	3568.0	2044.0	2166.0	12405.0	589.0	3008.0	6207.0	2109.0	3052.0	8074.0	1898.0	1709.0	3120.0	1314.0	26
9270.0	2740.0	3084.0	4363.0	4210.0	5325.0	4547.0	2098.0	2653.0	14582.0	670.0	3626.0	7702.0	2747.0	3854.0	9302.0	2461.0	2086.0	3772.0	1625.0	27
10940.0	3507.0	3798.0	5533.0	4956.0	6472.0	5843.0	2495.0	3232.0	17138.0	839.0	4411.0	8861.0	3547.0	4612.0	10384.0	2985.0	2200.0	4601.0	1895.0	28
13223.0	4456.0	4637.0	6494.0	6114.0	8364.0	6998.0	2867.0	3734.0	18479.0	881.0	5540.0	10729.0	4570.0	5635.0	11588.0	3865.0	2665.0	5442.0	2140.0	29
15140.0	5831.0	6035.0	8134.0	7484.0	9976.0	8395.0	3301.0	4443.0	20740.0	1093.0	7062.0	12215.0	5374.0	6492.0	13736.0	4824.0	3017.0	6721.0	2785.0	30
16343.0	7380.0	7126.0	9677.0	8453.0	11700.0	9764.0	3871.0	5304.0	22161.0	1081.0	8300.0	14135.0	6633.0	7333.0	14623.0	5997.0	3664.0	8411.0	3623.0	31
17902.0	9328.0	8812.0	11534.0	10422.0	13159.0	11769.0	4434.0	6305.0	23083.0	1536.0	9780.0	15645.0	8164.0	8879.0	16452.0	7359.0	4317.0	9999.0	4317.0	32
19320.0	10755.0	10704.0	13742.0	11960.0	14940.0	13506.0	5497.0	7190.0	24134.0	1740.0	11423.0	17086.0	9105.0	10356.0	18118.0	8860.0	5295.0	11919.0	5269.0	33
20593.0	12364.0	12590.0	15799.0	14495.0	16382.0	15328.0	6872.0	8241.0	24800.0	2122.0	12995.0	19100.0	10863.0	12157.0	19081.0	10660.0	6067.0	13530.0	6307.0	34
21794.0	14105.0	14388.0	17580.0	16535.0	19001.0	16602.0	7537.0	8730.0	25814.0	2426.0	14974.0	20182.0	12242.0	13464.0	20369.0	12424.0	6993.0	15605.0	7406.0	35
23012.0	16128.0	16727.0	19505.0	18818.0	20377.0	18463.0	8660.0	10086.0	25972.0	2788.0	16725.0	21342.0	14085.0	14901.0	20907.0	14314.0	8114.0	17089.0	8510.0	36
23830.0	17305.0	18679.0	21701.0	19902.0	21546.0	20215.0	10172.0	11240.0	23913.0	3777.0	18184.0	22750.0	15206.0	16967.0	22113.0	16029.0	9522.0	19246.0	9829.0	37
23289.0	19510.0	20343.0	22654.0	21505.0	22685.0	21236.0	11027.0	13004.0	22485.0	4417.0	19957.0	23390.0	17405.0	19197.0	22671.0	17116.0	10309.0	20673.0	11359.0	38
22778.0	21289.0	22159.0	23192.0	22676.0	23558.0	22033.0	12686.0	14946.0	20591.0	5080.0	21088.0	22988.0	18947.0	20944.0	22916.0	18941.0	11515.0	22402.0	12334.0	39
21798.0	23111.0	23036.0	23321.0	23280.0	24438.0	22586.0	13610.0	16314.0	19721.0	6196.0	22061.0	22622.0	20874.0	21401.0	22384.0	20197.0	12503.0	23763.0	13847.0	40
21430.0	23816.0	23502.0	23480.0	23698.0	24878.0	23325.0	14889.0	17806.0	16993.0	7449.0	22907.0	21789.0	21971.0	22328.0	21662.0	22296.0	13758.0	24496.0	15230.0	41
20297.0	24248.0	24113.0	23078.0	23212.0	23998.0	22821.0	16441.0	19455.0	15064.0	8721.0	23832.0	21401.0	23163.0	22724.0	20234.0	23383.0	14563.0	24925.0	16129.0	42
18831.0	23472.0	23996.0	22253.0	23440.0	22790.0	22904.0	18091.0	20133.0	13502.0	10048.0	23624.0	19890.0	23630.0	22772.0	18308.0	23425.0	16019.0	24739.0	17303.0	43
17048.0	23110.0	23797.0	22289.0	22763.0	21823.0	22133.0	19195.0	20627.0	12251.0	11184.0	23426.0	19287.0	23530.0	22759.0	17585.0	23553.0	17616.0	23549.0	18819.0	44
16121.0	23173.0	23354.0	20710.0	21603.0	20844.0	20787.0	19511.0	21112.0	10500.0	12554.0	22380.0	17526.0	22713.0	22194.0	16411.0	23243.0	18004.0	23036.0	20515.0	45
15073.0	22298.0	21617.0	19548.0	20835.0	19487.0	19894.0	20271.0	21054.0	8931.0	13452.0	21103.0	15835.0	22016.0	21931.0	14368.0	22850.0	18448.0	21523.0	21416.0	46
12925.0	21395.0	20113.0	18049.0	19053.0	17773.0	18277.0	20375.0	20921.0	7309.0	14491.0	20068.0	14312.0	21283.0	21148.0	13324.0	22080.0	18988.0	19454.0	22294.0	47
11264.0	19722.0	18712.0	16574.0	17549.0	15661.0	16986.0	20571.0	20957.0	6117.0	15600.0	18774.0	12672.0	20124.0	19710.0	11500.0	21229.0	19304.0	17389.0	21871.0	48
10002.0	17688.0	16901.0	14864.0	15540.0	13206.0	15416.0	20502.0	20584.0	4779.0	17540.0	16762.0	10818.0	18505.0	17600.0	10042.0	19559.0	19334.0	15991.0	20869.0	49
8307.0	15859.0	15409.0	13199.0	13819.0	11759.0	14021.0	20842.0	19109.0	3945.0	18167.0	14893.0	9517.0	16897.0	15646.0	8411.0	17621.0	19227.0	14538.0	20687.0	50
7050.0	14164.0	13838.0	11689.0	11906.0	9844.0	12054.0	20097.0	17986.0	2927.0	19011.0	13128.0	7920.0	15564.0	13937.0	7103.0	16562.0	18912.0	13141.0	20380.0	51
5942.0	12596.0	11974.0	10362.0	10429.0	8347.0	10610.0	19342.0	16645.0	2377.0	19954.0	11402.0	6871.0	13841.0	12370.0	6031.0	14135.0	17783.0	11389.0	19533.0	52
4859.0	10667.0	10613.0	8855.0	9170.0	6859.0	9085.0	18094.0	15644.0	1981.0	20502.0	9733.0	5868.0	12223.0	11236.0	5091.0	12538.0	17317.0	9726.0	18471.0	53
3931.0	9256.0	9250.0	7552.0	7912.0	5634.0	7716.0	16584.0	13731.0	1528.0	21037.0	8361.0	4825.0	10719.0	9672.0	4190.0	11007.0	16742.0	8149.0	17176.0	54
3124.0	8215.0	7823.0	6126.0	6480.0	4721.0	6434.0	15225.0	12162.0	1241.0	20645.0	7088.0	3734.0	9357.0	7951.0	3497.0	9373.0	15566.0	6597.0	15676.0	55
2622.0	6850.0	6320.0	5110.0	5205.0	3750.0	5310.0	13616.0	10722.0	1152.0	20121.0	5956.0	3075.0	8069.0	6870.0	2980.0	8323.0	14658.0	5412.0	14050.0	56
2254.0	5822.0	5291.0	4251.0	4230.0	2984.0	4209.0	11602.0	9668.0	862.0	19665.0	5033.0	2382.0	6919.0	5512.0	2141.0	6967.0	13281.0	4170.0	12782.0	57
1830.0	4823.0	4210.0	3295.0	3636.0	2177.0	3262.0	10293.0	8843.0	677.0	19086.0	4401.0	1801.0	5696.0	4485.0	1677.0	5711.0	12047.0	3220.0	11352.0	58
1449.0	3870.0	3596.0	2518.0	2782.0	1722.0	2606.0	9076.0	7778.0	535.0	17964.0	3696.0	1476.0	4879.0	3859.0	1457.0	4653.0	10772.0	2554.0	9787.0	59
1206.0	2855.0	2818.0	2051.0	2447.0	1361.0	2246.0	8012.0	6742.0	489.0	17001.0	3035.0	1101.0	3938.0	3277.0	1206.0	3564.0	9792.0	2051.0	8904.0	60
947.0	2182.0	2494.0	1670.0	1869.0	1168.0	1859.0	7302.0	5833.0	447.0	15322.0	2590.0	830.0	3276.0	2579.0	910.0	2899.0	8927.0	1633.0	7565.0	61
726.0	1803.0	2009.0	1174.0	1545.0	841.0	1506.0	6213.0	4937.0	422.0	13749.0	2221.0	802.0	2505.0	2161.0	758.0	2602.0	8108.0	1278.0	6331.0	62
621.0	1329.0	1389.0	1005.0	1189.0	730.0	1343.0	5305.0	4277.0	385.0	12321.0	1771.0	738.0	2016.0	1784.0	658.0	1880.0	7191.0	1027.0	5279.0	63
636.0	1099.0	1090.0	795.0	963.0	705.0	1096.0	4300.0	3532.0	408.0	11403.0	1494.0	675.0	1536.0	1372.0	564.0	1529.0	6577.0	986.0	4080.0	64
526.0	889.0	776.0	726.0	760.0	616.0	895.0	3655.0	2900.0	399.0	9612.0	1293.0	626.0	1248.0	1188.0	513.0	1223.0	5547.0	743.0	3434.0	65
511.0	808.0	621.0	578.0	696.0	569.0	688.0	2977.0	2235.0	342.0	8551.0	1061.0	519.0	1113.0	983.0	516.0	1000.0	5100.0	702.0	2983.0	66
443.0	702.0	528.0	497.0	612.0	584.0	610.0	2372.0	1970.0	262.0	7576.0	959.0	434.0	834.0	826.0	470.0	894.0	4236.0	642.0	2226.0	67
367.0	552.0	368.0	391.0	608.0	492.0	549.0	2096.0	1624.0	261.0	6516.0	763.0	436.0	796.0	643.0	475.0	749.0	3554.0	558.0	1975.0	68
321.0	420.0	321.0	325.0	473.0	497.0	480.0	1740.0	1344.0	244.0	5337.0	622.0	371.0	614.0	583.0	387.0	685.0	3072.0	436.0	1637.0	69
314.0	452.0	306.0	364.0	426.0	444.0	462.0	1549.0	1199.0	224.0	4589.0	576.0	348.0	562.0	555.0	297.0	578.0	2448.0	387.0	1223.0	70
218.0	471.0	287.0	323.0	376.0	331.0	472.0	1282.0	1046.0	249.0	4113.0	502.0	312.0	515.0	453.0	285.0	552.0	2042.0	397.0	975.0	71
264.0	403.0	272.0	322.0	400.0	312.0	395.0	1042.0	909.0	177.0	3474.0	399.0	325.0	479.0	421.0	266.0	494.0	1692.0	450.0	806.0	72
222.0	374.0	248.0	316.0	357.0	342.0	352.0	804.0	821.0	144.0	2950.0	342.0	295.0	439.0	393.0	277.0	424.0	1412.0	385.0	661.0	73
248.0	360.0	327.0	317.0	287.0	309.0	307.0	745.0	675.0	129.0	2738.0	308.0	257.0	360.0	396.0	252.0	424.0	1172.0	378.0	580.0	74
259.0	383.0	295.0	341.0	294.0	262.0	289.0	622.0	576.0	130.0	2063.0	294.0	253.0	352.0	386.0	255.0	388.0	988.0	344.0	515.0	75
225.0	370.0	259.0	322.0	315.0	292.0	220.0	552.0	595.0	125.0	1665.0	298.0	250.0	339.0	367.0	220.0	366.0	828.0	383.0	429.0	76
232.0	331.0	264.0	280.0	298.0	252.0	178.0	429.0	454.0	167.0	1506.0	285.0	224.0	279.0	344.0	254.0	352.0	680.0	297.0	405.0	77
214.0	320.0	308.0	262.0	255.0	251.0	205.0	385.0	437.0	99.0	1212.0	314.0	179.0	318.0	295.0	268.0	279.0	602.0	290.0	365.0	78
236.0	273.0	309.0	247.0	278.0	291.0	234.0	392.0	347.0	89.0	920.0	259.0	139.0	306.0	267.0	271.0	311.0	426.0	299.0	332.0	79
237.0	240.0	229.0	246.0	253.0	319.0	235.0	334.0	318.0	93.0	810.0	191.0	170.0	288.0	263.0	284.0	296.0	388.0	308.0	308.0	80
278.0	224.0	271.0	251.0	236.0	293.0	222.0	292.0	296.0	119.0	729.0	232.0	214.0	283.0	221.0	217.0	266.0	336.0	305.0	310.0	81
251.0	227.0	265.0	265.0	225.0	218.0	221.0	316.0	260.0	122.0	645.0	202.0	198.0	270.0	248.0	218.0	234.0	327.0	273.0	295.0	82
226.0	225.0	306.0	259.0	222.0	194.0	200.0	285.0	202.0	130.0	558.0	180.0	185.0	275.0	259.0	212.0	267.0	268.0	242.0	268.0	83
223.0	196.0	243.0	231.0	216.0	185.0	195.0	223.0	177.0	119.0	471.0	188.0	157.0	287.0	236.0	186.0	254.0	238.0	241.0	267.0	84
208.0	156.0	194.0	233.0	152.0	165.0	165.0	203.0	201.0	90.0	444.0	200.0	184.0	208.0	222.0	158.0	219.0	230.0	233.0	250.0	85
191.0	160.0	219.0	196.0	141.0	145.0	134.0	210.0	217.0	97.0	451.0	230.0	192.0	176.0	222.0	217.0	216.0	221.0	266.0	269.0	86
165.0	177.0	169.0	179.0	184.0	105.0	161.0	216.0	208.0	105.0	325.0	209.0	150.0	203.0	278.0	180.0	214.0	231.0	213.0	276.0	87
173.0	162.0	181.0	197.0	165.0	110.0	175.0	224.0	222.0	91.0	330.0	181.0	123.0	178.0	261.0	131.0	254.0	201.0	227.0	248.0	88
129.0	163.0	150.0	203.0	134.0	105.0	163.0	190.0	207.0	79.0	341.0	236.0	127.0	133.0	246.0	137.0	240.0	249.0	191.0	219.0	89
116.0	183.0	152.0	201.0	136.0	103.0	141.0	214.0	195.0	74.0	271.0	202.0	110.0	156.0	180.0	107.0	253.0	212.0	167.0	227.0	90
157.0	200.0	164.0	204.0	122.0	84.0	160.0	196.0	234.0	91.0	289.0	216.0	128.0	117.0	203.0	90.0	281.0	198.0	190.0	230.0	91
135.0	182.0	171.0	179.0	139.0	91.0	173.0	192.0	203.0	89.0	267.0	176.0	106.0	116.0	192.0	77.0	296.0	210.0	154.0	260.0	92
148.0	156.0	156.0	169.0	133.0	94.0	179.0	162.0	190.0	110.0	294.0	157.0	116.0	84.0	165.0	80.0	242.0	202.0	159.0	279.0	93
126.0	160.0	192.0	143.0	147.0	83.0	195.0	156.0	203.0	74.0	289.0	179.0	106.0	97.0	150.0	61.0	189.0	189.0	155.0	208.0	94
93.0	159.0	142.0	113.0	161.0	69.0	162.0	170.0	207.0	61.0	277.0	168.0	109.0	82.0	129.0	85.0	170.0	197.0	153.0	246.0	95
114.0	135.0	142.0	101.0	175.0	71.0	156.0	205.0	177.0	48.0	238.0	130.0	80.0	97.0	133.0	92.0	162.0	166.0	166.0	200.0	96
110.0	136.0	146.0	95.0	166.0	45.0	151.0	173.0	179.0	50.0	244.0	147.0	66.0	131.0	114.0	78.0	153.0	153.0	167.0	218.0	97
123.0	135.0	141.0	91.0	163.0	67.0	127.0	159.0	150.0	46.0	211.0	140.0	85.0	117.0	117.0	88.0	176.0	154.0	168.0	197.0	98
82.0	149.0	179.0	112.0	169.0	58.0	178.0	154.0	153.0	27.0	228.0	137.0	77.0	80.0	109.0	93.0	178.0	137.0	142.0	150.0	99
76.0	102.0	154.0	107.0	158.0	86.0	171.0	145.0	188.0	27.0	216.0	90.0	114.0	89.0	112.0	72.0	157.0	144.0	116.0	167.0	100
119.0	103.0	207.0	114.0	149.0	77.0	138.0	125.0	203.0	29.0	210.0	79.0	82.0	106.0	100.0	77.0	124.0	155.0	152.0	142.0	101
83.0	83.0	151.0	116.0	160.0	72.0	139.0	137.0	128.0	39.0	194.0	92.0	68.0	113.0	84.0	55.0	124.0	141.0	118.0	125.0	102
104.0	74.0	143.0	117.0	152.0	62.0	158.0	115.0	155.0	26.0	207.0	89.0	65.0	118.0	64.0	41.0	109.0	171.0	90.0	112.0	103
75.0	83.0	171.0	112.0	161.0	62.0	149.0	148.0	142.0	24.0	187.0	108.0	73.0	114.0	68.0	44.0	95.0	134.0	83.0	141.0	104
77.0	83.0	138.0	85.0	138.0	47.0	143.0	105.0	138.0	30.0	214.0	96.0	60.0	116.0	64.0	53.0	111.0	153.0	98.0	131.0	105
56.0	75.0	127.0	105.0	88.0	63.0	128.0	143.0	130.0	12.0	197.0	75.0	55.0	112.0	48.0	41.0	114.0	138.0	92.0	118.0	106
56.0	75.0	122.0	105.0	69.0	68.0	119.0	142.0	117.0	22.0	163.0	49.0	36.0	93.0	41.0	43.0	92.0	143.0	92.0	119.0	107
53.0	75.0	112.0	105.0	64.0	68.0	92.0	128.0	102.0	31.0	162.0	45.0	45.0	97.0	52.0	50.0	85.0	113.0	80.0	87.0	108
42.0	66.0	95.0	90.0	61.0	64.0	76.0	110.0	104.0	26.0	211.0	52.0	49.0	73.0	50.0	69.0	93.0	104.0	81.0	123.0	109
21.0	79.0	64.0	83.0	77.0	51.0	77.0	110.0	102.0	38.0	199.0	40.0	35.0	98.0	50.0	47.0	78.0	106.0	76.0	138.0	110
22.0	73.0	63.0	50.0	72.0	62.0	83.0	87.0	101.0	30.0	169.0	38.0	53.0	60.0	76.0	62.0	77.0	89.0	77.0	159.0	111
25.0	67.0	70.0	57.0	55.0	54.0	77.0	105.0	78.0	27.0	153.0	60.0	58.0	67.0	76.0	56.0	96.0	91.0	98.0	164.0	112
34.0	70.0	61.0	62.0	57.0	63.0	87.0	104.0	111.0	35.0	161.0	70.0	68.0	58.0	65.0	65.0	91.0	116.0	64.0	137.0	113
42.0	75.0	63.0	46.0	99.0	53.0	56.0	85.0	85.0	16.0	138.0	63.0	52.0	50.0	69.0	72.0	70.0	106.0	74.0	194.0	114
34.0	62.0	46.0	70.0	89.0	56.0	84.0	95.0	99.0	29.0	107.0	69.0	69.0	42.0	47.0	59.0	88.0	91.0	76.0	160.0	115
57.0	75.0	59.0	48.0	106.0	59.0	67.0	86.0	95.0	26.0	154.0	80.0	62.0	32.0	45.0	39.0	85.0	87.0	61.0	148.0	116
37.0	86.0	58.0	70.0	68.0	54.0	95.0	109.0	107.0	8.0	166.0	49.0	36.0	37.0	32.0	36.0	93.0	105.0	62.0	139.0	117
27.0	73.0	44.0	57.0	76.0	79.0	61.0	85.0	87.0	14.0	167.0	65.0	56.0	58.0	39.0	41.0	75.0	92.0	63.0	135.0	118
23.0	58.0	53.0	55.0	68.0	77.0	59.0	126.0	105.0	13.0	148.0	69.0	37.0	53.0	39.0	28.0	84.0	74.0	65.0	143.0	119
43.0	55.0	44.0	32.0	92.0	78.0	62.0	97.0	69.0	17.0	156.0	86.0	45.0	49.0	37.0	35.0	68.0	86.0	43.0	109.0	120
37.0	68.0	63.0	47.0	76.0	57.0	63.0	118.0	102.0	12.0	167.0	78.0	40.0	40.0	36.0	30.0	68.0	109.0	27.0	81.0	121
36.0	50.0	55.0	60.0	68.0	47.0	44.0	95.0	79.0	22.0	166.0	87.0	35.0	48.0	53.0	19.0	66.0	85.0	36.0	91.0	122
56.0	34.0	62.0	47.0	78.0	35.0	42.0	90.0	76.0	8.0	163.0	81.0	42.0	46.0	48.0	44.0	66.0	88.0	25.0	90.0	123
35.0	47.0	45.0	41.0	73.0	47.0	50.0	81.0	94.0	34.0	171.0	81.0	39.0	42.0	45.0	35.0	80.0	60.0	18.0	88.0	124
28.0	40.0	33.0	44.0	62.0	51.0	72.0	78.0	99.0	24.0	129.0	84.0	23.0	31.0	33.0	31.0	61.0	66.0	28.0	83.0	125
23.0	37.0	40.0	51.0	99.0	35.0	67.0	71.0	78.0	34.0	134.0	53.0	37.0	52.0	33.0	29.0	71.0	43.0	21.0	71.0	126
34.0	32.0	42.0	53.0	87.0	51.0	60.0	69.0	88.0	17.0	119.0	50.0	30.0	52.0	27.0	31.0	77.0	46.0	32.0	77.0	127
41.0	40.0	50.0	43.0	71.0	54.0	63.0	71.0	67.0	11.0	120.0	31.0	32.0	54.0	43.0	26.0	66.0	41.0	18.0	85.0	128
39.0	36.0	54.0	27.0	48.0	68.0	45.0	72.0	55.0	19.0	160.0	25.0	32.0	53.0	16.0	35.0	58.0	48.0	13.0	70.0	129
41.0	41.0	60.0	45.0	49.0	60.0	46.0	81.0	60.0	18.0	138.0	25.0	26.0	61.0	11.0	37.0	67.0	39.0	24.0	72.0	130
46.0	42.0	51.0	51.0	39.0	52.0	56.0	88.0	73.0	30.0	164.0	15.0	23.0	49.0	24.0	31.0	65.0	37.0	25.0	98.0	131
49.0	39.0	41.0	64.0	55.0	39.0	37.0	68.0	74.0	30.0	134.0	22.0	37.0	51.0	28.0	19.0	57.0	49.0	25.0	80.0	132
41.0	55.0	25.0	65.0	42.0	42.0	41.0	83.0	88.0	34.0	113.0	23.0	19.0	50.0	31.0	36.0	43.0	46.0	12.0	58.0	133
35.0	55.0	28.0	58.0	37.0	46.0	56.0	55.0	92.0	34.0	111.0	26.0	23.0	64.0	36.0	20.0	50.0	45.0	31.0	68.0	134
41.0	46.0	38.0	44.0	30.0	54.0	61.0	55.0	81.0	27.0	104.0	25.0	29.0	39.0	39.0	20.0	36.0	35.0	38.0	56.0	135
29.0	41.0	30.0	29.0	36.0	63.0	41.0	46.0	76.0	19.0	115.0	18.0	22.0	60.0	37.0	14.0	34.0	50.0	24.0	57.0	136
51.0	67.0	31.0	40.0	29.0	45.0	23.0	39.0	57.0	29.0	84.0	19.0	31.0	48.0	55.0	15.0	28.0	31.0	22.0	54.0	137
60.0	50.0	34.0	34.0	38.0	47.0	21.0	54.0	48.0	22.0	103.0	22.0	26.0	49.0	50.0	25.0	24.0	37.0	22.0	40.0	138
28.0	52.0	52.0	40.0	20.0	48.0	52.0	61.0	65.0	20.0	74.0	22.0	39.0	47.0	49.0	25.0	20.0	23.0	30.0	36.0	139
42.0	49.0	52.0	38.0	27.0	32.0	55.0	55.0	55.0	14.0	78.0	32.0	21.0	52.0	32.0	24.0	18.0	38.0	32.0	33.0	140
57.0	64.0	43.0	45.0	36.0	38.0	44.0	79.0	58.0	17.0	95.0	47.0	22.0	72.0	34.0	37.0	26.0	36.0	19.0	29.0	141
59.0	40.0	51.0	29.0	34.0	36.0	33.0	69.0	44.0	14.0	67.0	52.0	28.0	37.0	35.0	23.0	25.0	33.0	23.0	29.0	142
48.0	38.0	23.0	40.0	25.0	38.0	47.0	73.0	34.0	21.0	76.0	43.0	39.0	45.0	28.0	22.0	31.0	42.0	20.0	28.0	143
47.0	41.0	22.0	42.0	26.0	49.0	80.0	78.0	32.0	22.0	75.0	35.0	53.0	40.0	34.0	27.0	17.0	37.0	19.0	17.0	144
25.0	51.0	35.0	29.0	19.0	44.0	37.0	39.0	35.0	17.0	76.0	31.0	29.0	44.0	46.0	31.0	22.0	29.0	26.0	10.0	145
43.0	36.0	33.0	32.0	20.0	50.0	41.0	45.0	39.0	17.0	64.0	36.0	23.0	39.0	30.0	27.0	19.0	30.0	18.0	24.0	146
35.0	56.0	27.0	34.0	27.0	39.0	34.0	51.0	37.0	19.0	49.0	34.0	31.0	36.0	37.0	26.0	13.0	27.0	14.0	27.0	147
42.0	36.0	29.0	21.0	19.0	37.0	26.0	51.0	40.0	31.0	43.0	29.0	14.0	56.0	44.0	18.0	17.0	24.0	22.0	17.0	148
33.0	26.0	22.0	23.0	17.0	32.0	29.0	28.0	51.0	31.0	43.0	44.0	26.0	36.0	34.0	21.0	22.0	29.0	21.0	39.0	149
17.0	26.0	14.0	23.0	22.0	32.0	39.0	35.0	31.0	37.0	49.0	46.0	29.0	30.0	23.0	13.0	23.0	37.0	12.0	42.0	150
21.0	28.0	23.0	32.0	12.0	32.0	39.0	42.0	43.0	21.0	40.0	45.0	21.0	23.0	14.0	27.0	26.0	30.0	14.0	22.0	151
26.0	20.0	18.0	22.0	13.0	19.0	42.0	22.0	52.0	26.0	48.0	29.0	23.0	27.0	20.0	17.0	11.0	27.0	26.0	26.0	152
19.0	22.0	21.0	14.0	17.0	25.0	23.0	17.0	45.0	11.0	64.0	29.0	17.0	21.0	26.0	13.0	18.0	22.0	34.0	32.0	153
16.0	23.0	20.0	10.0	14.0	29.0	32.0	18.0	43.0	8.0	63.0	25.0	22.0	40.0	28.0	12.0	21.0	22.0	34.0	26.0	154
10.0	17.0	38.0	19.0	17.0	29.0	23.0	23.0	51.0	16.0	53.0	29.0	24.0	29.0	33.0	19.0	11.0	36.0	33.0	20.0	155
13.0	36.0	36.0	15.0	23.0	33.0	12.0	20.0	37.0	11.0	51.0	30.0	21.0	35.0	26.0	14.0	20.0	35.0	34.0	21.0	156
17.0	31.0	36.0	19.0	21.0	33.0	19.0	26.0	28.0	8.0	45.0	33.0	37.0	36.0	20.0	21.0	9.0	34.0	32.0	21.0	157
17.0	18.0	33.0	16.0	17.0	40.0	23.0	28.0	29.0	5.0	48.0	43.0	35.0	34.0	29.0	18.0	11.0	28.0	22.0	27.0	158
18.0	19.0	27.0	24.0	25.0	39.0	15.0	21.0	45.0	7.0	44.0	36.0	16.0	17.0	23.0	17.0	14.0	30.0	31.0	26.0	159
13.0	18.0	17.0	20.0	21.0	16.0	18.0	15.0	27.0	6.0	46.0	29.0	22.0	28.0	22.0	26.0	11.0	16.0	22.0	23.0	160
11.0	25.0	12.0	26.0	18.0	16.0	23.0	15.0	32.0	11.0	47.0	21.0	23.0	27.0	17.0	18.0	9.0	24.0	21.0	27.0	161
29.0	18.0	24.0	45.0	20.0	13.0	15.0	22.0	36.0	6.0	45.0	35.0	19.0	32.0	14.0	13.0	16.0	32.0	15.0	24.0	162
31.0	16.0	25.0	35.0	10.0	14.0	19.0	20.0	29.0	7.0	39.0	27.0	18.0	27.0	20.0	21.0	10.0	28.0	18.0	15.0	163
22.0	15.0	17.0	32.0	20.0	19.0	26.0	19.0	25.0	12.0	31.0	27.0	21.0	29.0	15.0	30.0	12.0	31.0	9.0	18.0	164
21.0	15.0	24.0	25.0	26.0	21.0	21.0	16.0	21.0	9.0	34.0	25.0	14.0	17.0	18.0	23.0	11.0	34.0	13.0	22.0	165
16.0	17.0	17.0	19.0	34.0	27.0	19.0	15.0	30.0	18.0	35.0	44.0	9.0	10.0	16.0	17.0	10.0	34.0	13.0	16.0	166
29.0	17.0	19.0	23.0	33.0	15.0	24.0	14.0	28.0	11.0	27.0	25.0	16.0	26.0	13.0	21.0	7.0	14.0	11.0	10.0	167
22.0	27.0	25.0	20.0	31.0	12.0	25.0	17.0	40.0	14.0	29.0	17.0	39.0	18.0	15.0	29.0	13.0	15.0	9.0	16.0	168
16.0	27.0	20.0	31.0	35.0	15.0	42.0	17.0	42.0	4.0	35.0	24.0	26.0	15.0	26.0	24.0	11.0	11.0	9.0	21.0	169
13.0	22.0	8.0	21.0	30.0	5.0	23.0	6.0	38.0	5.0	24.0	14.0	37.0	15.0	30.0	18.0	14.0	12.0	15.0	25.0	170
9.0	17.0	15.0	14.0	39.0	14.0	26.0	14.0	44.0	10.0	20.0	8.0	27.0	11.0	27.0	22.0	16.0	16.0	14.0	32.0	171
17.0	15.0	11.0	8.0	22.0	11.0	30.0	10.0	26.0	11.0	34.0	16.0	10.0	15.0	36.0	13.0	14.0	11.0	11.0	26.0	172
15.0	24.0	10.0	9.0	22.0	10.0	25.0	17.0	27.0	23.0	29.0	12.0	15.0	15.0	27.0	15.0	10.0	25.0	16.0	12.0	173
19.0	16.0	18.0	7.0	12.0	11.0	15.0	9.0	23.0	13.0	41.0	12.0	14.0	24.0	16.0	21.0	17.0	14.0	16.0	16.0	174
18.0	20.0	15.0	7.0	20.0	9.0	28.0	10.0	27.0	17.0	35.0	15.0	14.0	24.0	18.0	13.0	13.0	14.0	11.0	17.0	175
28.0	22.0	15.0	8.0	21.0	12.0	29.0	5.0	26.0	12.0	38.0	8.0	14.0	26.0	21.0	25.0	22.0	12.0	10.0	21.0	176
22.0	22.0	7.0	19.0	28.0	14.0	23.0	6.0	20.0	13.0	36.0	15.0	12.0	23.0	12.0	9.0	24.0	16.0	11.0	10.0	177
22.0	14.0	12.0	15.0	14.0	10.0	20.0	6.0	26.0	4.0	35.0	8.0	10.0	25.0	5.0	20.0	15.0	9.0	11.0	33.0	178
37.0	27.0	10.0	10.0	24.0	9.0	15.0	9.0	14.0	15.0	25.0	4.0	8.0	22.0	12.0	16.0	15.0	7.0	16.0	21.0	179
29.0	25.0	11.0	15.0	16.0	14.0	11.0	9.0	20.0	8.0	25.0	18.0	15.0	8.0	13.0	4.0	14.0	17.0	21.0	17.0	180
29.0	19.0	9.0	15.0	15.0	10.0	6.0	13.0	16.0	9.0	25.0	8.0	9.0	22.0	14.0	17.0	10.0	26.0	42.0	20.0	181
16.0	16.0	14.0	22.0	20.0	15.0	17.0	15.0	31.0	14.0	31.0	7.0	11.0	22.0	26.0	12.0	5.0	24.0	13.0	31.0	182
12.0	14.0	9.0	8.0	10.0	6.0	17.0	31.0	18.0	15.0	22.0	10.0	9.0	22.0	21.0	16.0	7.0	13.0	10.0	24.0	183
10.0	8.0	8.0	23.0	12.0	11.0	18.0	33.0	25.0	20.0	23.0	7.0	7.0	17.0	31.0	11.0	6.0	12.0	15.0	20.0	184
3.0	18.0	16.0	24.0	21.0	6.0	13.0	23.0	17.0	12.0	22.0	12.0	17.0	19.0	18.0	10.0	7.0	7.0	13.0	18.0	185
16.0	16.0	17.0	14.0	18.0	10.0	14.0	25.0	12.0	2.0	37.0	14.0	18.0	8.0	25.0	4.0	9.0	14.0	18.0	18.0	186
10.0	6.0	13.0	17.0	11.0	7.0	14.0	16.0	14.0	13.0	36.0	9.0	12.0	9.0	15.0	6.0	5.0	10.0	11.0	22.0	187
12.0	15.0	18.0	9.0	17.0	6.0	26.0	4.0	21.0	14.0	38.0	13.0	14.0	9.0	12.0	2.0	13.0	10.0	9.0	13.0	188
8.0	7.0	21.0	18.0	21.0	9.0	27.0	10.0	13.0	3.0	44.0	13.0	20.0	4.0	11.0	6.0	12.0	6.0	12.0	24.0	189
8.0	21.0	19.0	15.0	17.0	15.0	27.0	16.0	17.0	11.0	27.0	21.0	21.0	13.0	12.0	3.0	8.0	8.0	16.0	28.0	190
7.0	5.0	33.0	22.0	12.0	10.0	15.0	6.0	36.0	11.0	45.0	11.0	29.0	5.0	9.0	3.0	12.0	10.0	11.0	20.0	191
9.0	16.0	24.0	17.0	22.0	11.0	16.0	7.0	25.0	11.0	35.0	17.0	23.0	3.0	10.0	4.0	20.0	3.0	10.0	19.0	192
8.0	8.0	20.0	14.0	23.0	4.0	8.0	8.0	22.0	6.0	21.0	36.0	12.0	4.0	7.0	2.0	14.0	4.0	13.0	14.0	193
4.0	8.0	18.0	14.0	24.0	8.0	8.0	9.0	16.0	5.0	23.0	20.0	13.0	5.0	9.0	4.0	31.0	8.0	12.0	14.0	194
7.0	8.0	22.0	10.0	19.0	12.0	5.0	4.0	9.0	2.0	20.0	22.0	7.0	4.0	12.0	3.0	19.0	11.0	15.0	8.0	195
15.0	8.0	12.0	10.0	17.0	21.0	7.0	8.0	20.0	6.0	32.0	19.0	19.0	14.0	20.0	3.0	16.0	7.0	13.0	10.0	196
8.0	6.0	13.0	14.0	11.0	13.0	12.0	13.0	12.0	6.0	34.0	13.0	7.0	11.0	14.0	3.0	20.0	8.0	18.0	14.0	197
13.0	8.0	7.0	18.0	17.0	14.0	11.0	3.0	13.0	4.0	18.0	17.0	12.0	14.0	15.0	5.0	17.0	6.0	9.0	12.0	198
14.0	4.0	14.0	14.0	11.0	9.0	8.0	13.0	11.0	5.0	29.0	20.0	6.0	11.0	11.0	5.0	18.0	14.0	9.0	15.0	199
10.0	3.0	12.0	6.0	15.0	9.0	4.0	10.0	10.0	5.0	42.0	29.0	10.0	11.0	13.0	2.0	20.0	14.0	9.0	13.0	200
14.0	7.0	12.0	9.0	15.0	5.0	14.0	15.0	11.0	8.0	22.0	36.0	21.0	9.0	7.0	1.0	18.0	15.0	13.0	16.0	201
23.0	4.0	13.0	5.0	11.0	15.0	6.0	7.0	12.0	9.0	15.0	19.0	15.0	13.0	4.0	1.0	13.0	14.0	13.0	13.0	202
8.0	4.0	7.0	8.0	7.0	9.0	8.0	14.0	11.0	7.0	24.0	15.0	8.0	10.0	5.0	7.0	17.0	13.0	3.0	13.0	203
10.0	3.0	11.0	8.0	16.0	7.0	19.0	10.0	9.0	6.0	20.0	15.0	5.0	18.0	4.0	5.0	11.0	15.0	7.0	12.0	204
12.0	4.0	6.0	14.0	23.0	4.0	9.0	14.0	10.0	15.0	16.0	18.0	6.0	17.0	9.0	3.0	18.0	12.0	9.0	13.0	205
20.0	5.0	17.0	4.0	20.0	14.0	15.0	9.0	8.0	4.0	13.0	15.0	10.0	9.0	9.0	6.0	24.0	12.0	11.0	8.0	206
8.0	2.0	12.0	11.0	14.0	19.0	13.0	11.0	12.0	1.0	21.0	12.0	8.0	15.0	9.0	9.0	19.0	8.0	13.0	19.0	207
2.0	5.0	13.0	5.0	9.0	19.0	16.0	12.0	9.0	2.0	18.0	11.0	6.0	19.0	8.0	14.0	26.0	9.0	12.0	17.0	208
5.0	5.0	25.0	4.0	15.0	12.0	15.0	5.0	7.0	8.0	18.0	20.0	12.0	14.0	11.0	8.0	31.0	9.0	7.0	15.0	209
5.0	9.0	17.0	7.0	13.0	12.0	9.0	10.0	7.0	8.0	8.0	14.0	10.0	18.0	6.0	9.0	21.0	14.0	9.0	12.0	210
3.0	5.0	16.0	6.0	11.0	7.0	8.0	8.0	9.0	10.0	18.0	13.0	11.0	11.0	13.0	11.0	17.0	9.0	8.0	10.0	211
5.0	6.0	17.0	6.0	9.0	10.0	5.0	5.0	10.0	7.0	10.0	16.0	9.0	7.0	27.0	3.0	6.0	10.0	6.0	17.0	212
9.0	4.0	15.0	7.0	7.0	13.0	4.0	7.0	10.0	5.0	13.0	14.0	7.0	8.0	11.0	5.0	9.0	12.0	10.0	8.0	213
6.0	14.0	9.0	10.0	5.0	14.0	5.0	11.0	6.0	7.0	18.0	12.0	6.0	6.0	13.0	11.0	9.0	6.0	5.0	5.0	214
11.0	11.0	13.0	13.0	4.0	14.0	5.0	19.0	7.0	10.0	22.0	9.0	6.0	10.0	8.0	4.0	10.0	7.0	7.0	5.0	215
11.0	15.0	10.0	13.0	5.0	8.0	7.0	26.0	7.0	3.0	12.0	7.0	2.0	13.0	16.0	12.0	4.0	10.0	5.0	10.0	216
9.0	13.0	15.0	5.0	6.0	4.0	7.0	9.0	12.0	10.0	14.0	8.0	6.0	11.0	7.0	8.0	17.0	25.0	8.0	15.0	217
10.0	14.0	6.0	9.0	4.0	5.0	2.0	16.0	8.0	7.0	14.0	2.0	6.0	9.0	6.0	12.0	12.0	19.0	8.0	11.0	218
15.0	5.0	11.0	17.0	4.0	5.0	12.0	15.0	13.0	3.0	15.0	9.0	2.0	8.0	2.0	7.0	23.0	8.0	8.0	12.0	219
18.0	4.0	14.0	9.0	11.0	5.0	16.0	17.0	8.0	6.0	18.0	7.0	5.0	5.0	3.0	4.0	7.0	10.0	10.0	7.0	220
20.0	6.0	14.0	7.0	9.0	8.0	7.0	23.0	9.0	4.0	17.0	18.0	2.0	7.0	3.0	8.0	13.0	18.0	7.0	13.0	221
11.0	8.0	8.0	21.0	3.0	7.0	20.0	20.0	16.0	5.0	19.0	22.0	5.0	6.0	6.0	7.0	15.0	15.0	4.0	22.0	222
14.0	8.0	13.0	13.0	12.0	9.0	16.0	22.0	13.0	6.0	15.0	17.0	7.0	9.0	7.0	11.0	15.0	7.0	12.0	17.0	223
8.0	5.0	16.0	20.0	14.0	9.0	26.0	21.0	15.0	3.0	21.0	3.0	2.0	5.0	7.0	6.0	9.0	16.0	7.0	15.0	224
9.0	6.0	18.0	12.0	4.0	9.0	25.0	11.0	16.0	8.0	12.0	7.0	3.0	10.0	9.0	8.0	11.0	10.0	5.0	10.0	225
7.0	6.0	7.0	5.0	6.0	9.0	10.0	15.0	7.0	7.0	12.0	6.0	10.0	6.0	7.0	9.0	13.0	3.0	5.0	8.0	226
10.0	6.0	7.0	4.0	5.0	11.0	7.0	8.0	13.0	7.0	7.0	9.0	8.0	8.0	6.0	7.0	9.0	7.0	16.0	13.0	227
5.0	10.0	9.0	4.0	8.0	13.0	10.0	10.0	9.0	8.0	9.0	5.0	5.0	0.0	3.0	7.0	10.0	12.0	12.0	14.0	228
5.0	9.0	7.0	3.0	2.0	11.0	4.0	6.0	12.0	4.0	10.0	4.0	9.0	8.0	5.0	9.0	6.0	7.0	12.0	11.0	229
12.0	16.0	7.0	2.0	6.0	8.0	13.0	1.0	10.0	10.0	10.0	9.0	4.0	8.0	9.0	8.0	9.0	20.0	16.0	10.0	230
11.0	7.0	1.0	4.0	4.0	5.0	8.0	9.0	6.0	7.0	13.0	8.0	5.0	6.0	5.0	6.0	7.0	23.0	10.0	12.0	231
5.0	7.0	9.0	7.0	6.0	3.0	5.0	2.0	11.0	10.0	15.0	4.0	9.0	8.0	5.0	6.0	11.0	22.0	9.0	11.0	232
4.0	14.0	7.0	5.0	6.0	2.0	6.0	10.0	9.0	7.0	12.0	8.0	3.0	8.0	4.0	4.0	7.0	12.0	22.0	18.0	233
10.0	9.0	9.0	7.0	5.0	4.0	2.0	5.0	14.0	10.0	19.0	13.0	7.0	8.0	3.0	6.0	15.0	30.0	17.0	5.0	234
2.0	12.0	2.0	4.0	7.0	5.0	8.0	5.0	11.0	9.0	22.0	7.0	3.0	21.0	7.0	1.0	8.0	19.0	13.0	12.0	235
2.0	14.0	6.0	4.0	4.0	6.0	12.0	4.0	8.0	7.0	25.0	2.0	5.0	10.0	4.0	8.0	10.0	21.0	10.0	10.0	236
5.0	8.0	3.0	4.0	2.0	6.0	3.0	9.0	10.0	6.0	18.0	9.0	5.0	3.0	3.0	5.0	9.0	21.0	5.0	8.0	237
3.0	9.0	7.0	7.0	2.0	12.0	2.0	5.0	12.0	14.0	17.0	9.0	15.0	1.0	7.0	18.0	10.0	6.0	7.0	10.0	238
6.0	4.0	3.0	7.0	3.0	5.0	2.0	3.0	9.0	10.0	21.0	12.0	15.0	5.0	4.0	16.0	9.0	12.0	6.0	9.0	239
5.0	10.0	1.0	4.0	1.0	7.0	4.0	7.0	9.0	3.0	15.0	11.0	18.0	4.0	3.0	4.0	7.0	10.0	8.0	6.0	240
2.0	6.0	5.0	4.0	2.0	5.0	1.0	13.0	18.0	5.0	11.0	10.0	6.0	4.0	7.0	7.0	9.0	9.0	11.0	9.0	241
5.0	8.0	4.0	4.0	1.0	5.0	13.0	15.0	16.0	7.0	18.0	4.0	6.0	4.0	5.0	14.0	6.0	10.0	7.0	6.0	242
6.0	5.0	8.0	7.0	3.0	8.0	5.0	7.0	29.0	5.0	17.0	5.0	7.0	4.0	4.0	2.0	12.0	8.0	5.0	7.0	243
11.0	17.0	6.0	10.0	3.0	4.0	6.0	6.0	7.0	9.0	21.0	9.0	8.0	2.0	12.0	4.0	5.0	6.0	5.0	4.0	244
8.0	14.0	9.0	14.0	2.0	4.0	9.0	3.0	10.0	6.0	16.0	10.0	11.0	6.0	12.0	3.0	8.0	15.0	4.0	11.0	245
4.0	4.0	3.0	12.0	4.0	4.0	10.0	14.0	15.0	4.0	16.0	4.0	12.0	3.0	8.0	7.0	11.0	8.0	5.0	8.0	246
9.0	12.0	8.0	4.0	6.0	5.0	9.0	12.0	6.0	4.0	15.0	6.0	10.0	8.0	6.0	3.0	7.0	11.0	10.0	6.0	247
10.0	15.0	4.0	1.0	4.0	1.0	9.0	18.0	12.0	4.0	19.0	9.0	6.0	9.0	13.0	2.0	6.0	13.0	7.0	4.0	248
10.0	8.0	8.0	3.0	11.0	6.0	5.0	17.0	6.0	4.0	10.0	6.0	7.0	7.0	10.0	2.0	8.0	13.0	5.0	5.0	249
8.0	17.0	7.0	7.0	7.0	3.0	9.0	6.0	3.0	7.0	16.0	16.0	3.0	4.0	11.0	4.0	14.0	9.0	7.0	5.0	250
2.0	8.0	5.0	6.0	9.0	2.0	7.0	17.0	5.0	7.0	5.0	12.0	5.0	4.0	11.0	2.0	8.0	13.0	4.0	6.0	251
8.0	6.0	7.0	5.0	20.0	1.0	12.0	14.0	8.0	10.0	5.0	10.0	4.0	3.0	3.0	1.0	11.0	17.0	5.0	3.0	252
11.0	7.0	6.0	8.0	18.0	2.0	4.0	9.0	3.0	18.0	6.0	9.0	6.0	6.0	7.0	8.0	8.0	12.0	3.0	5.0	253
3.0	10.0	2.0	3.0	9.0	0.0	10.0	2.0	12.0	20.0	5.0	9.0	10.0	5.0	7.0	1.0	14.0	20.0	2.0	6.0	254
6.0	9.0	15.0	7.0	8.0	5.0	2.0	11.0	7.0	12.0	6.0	2.0	3.0	3.0	6.0	4.0	15.0	9.0	3.0	3.0	255
5.0	5.0	16.0	3.0	4.0	4.0	12.0	9.0	7.0	9.0	8.0	15.0	7.0	5.0	6.0	0.0	18.0	10.0	10.0	5.0	256
2.0	9.0	11.0	5.0	4.0	4.0	5.0	14.0	6.0	12.0	10.0	7.0	6.0	6.0	11.0	3.0	28.0	6.0	6.0	10.0	257
6.0	11.0	12.0	2.0	5.0	3.0	13.0	12.0	6.0	11.0	8.0	12.0	2.0	6.0	4.0	8.0	9.0	11.0	6.0	10.0	258
1.0	10.0	13.0	6.0	5.0	1.0	12.0	10.0	5.0	9.0	10.0	9.0	3.0	9.0	2.0	1.0	16.0	13.0	9.0	11.0	259
5.0	13.0	8.0	4.0	4.0	1.0	10.0	14.0	10.0	5.0	11.0	8.0	3.0	6.0	9.0	5.0	21.0	11.0	4.0	6.0	260
2.0	8.0	12.0	9.0	4.0	4.0	6.0	7.0	9.0	12.0	7.0	16.0	2.0	10.0	8.0	3.0	12.0	6.0	8.0	10.0	261
1.0	9.0	11.0	10.0	6.0	4.0	8.0	7.0	1.0	5.0	6.0	14.0	8.0	7.0	14.0	1.0	11.0	7.0	3.0	6.0	262
4.0	4.0	11.0	4.0	4.0	12.0	6.0	7.0	4.0	8.0	6.0	10.0	5.0	4.0	8.0	1.0	11.0	4.0	4.0	10.0	263
4.0	9.0	9.0	7.0	9.0	1.0	4.0	9.0	4.0	10.0	0.0	6.0	2.0	4.0	14.0	2.0	5.0	8.0	5.0	5.0	264
1.0	3.0	13.0	11.0	8.0	5.0	8.0	6.0	8.0	13.0	8.0	9.0	5.0	4.0	17.0	3.0	6.0	8.0	4.0	7.0	265
4.0	12.0	10.0	2.0	4.0	8.0	5.0	0.0	3.0	22.0	12.0	7.0	11.0	7.0	10.0	4.0	6.0	4.0	5.0	13.0	266
4.0	7.0	5.0	7.0	7.0	4.0	7.0	6.0	11.0	15.0	19.0	3.0	9.0	5.0	16.0	2.0	5.0	3.0	4.0	5.0	267
5.0	6.0	5.0	4.0	7.0	4.0	11.0	7.0	15.0	12.0	4.0	7.0	7.0	4.0	9.0	2.0	10.0	10.0	8.0	9.0	268
0.0	17.0	9.0	6.0	2.0	1.0	8.0	0.0	2.0	6.0	12.0	10.0	10.0	2.0	11.0	5.0	7.0	11.0	8.0	11.0	269
1.0	23.0	3.0	5.0	3.0	6.0	6.0	3.0	6.0	8.0	8.0	7.0	15.0	5.0	8.0	4.0	7.0	18.0	7.0	11.0	270
1.0	15.0	6.0	5.0	8.0	3.0	9.0	5.0	4.0	13.0	11.0	1.0	3.0	10.0	8.0	5.0	4.0	15.0	11.0	8.0	271
3.0	13.0	5.0	11.0	9.0	4.0	6.0	2.0	6.0	9.0	9.0	3.0	11.0	2.0	10.0	0.0	6.0	13.0	5.0	7.0	272
0.0	5.0	5.0	3.0	2.0	4.0	13.0	5.0	3.0	9.0	5.0	5.0	12.0	2.0	10.0	2.0	11.0	8.0	4.0	8.0	273
1.0	7.0	12.0	10.0	5.0	1.0	5.0	4.0	5.0	14.0	3.0	5.0	13.0	5.0	21.0	7.0	7.0	15.0	3.0	9.0	274
1.0	9.0	7.0	3.0	4.0	3.0	5.0	4.0	5.0	13.0	16.0	7.0	8.0	6.0	20.0	6.0	9.0	12.0	2.0	7.0	275
1.0	11.0	12.0	9.0	6.0	4.0	3.0	4.0	4.0	18.0	12.0	6.0	5.0	5.0	10.0	9.0	8.0	6.0	3.0	5.0	276
1.0	11.0	9.0	3.0	3.0	8.0	2.0	7.0	7.0	11.0	3.0	8.0	8.0	6.0	5.0	10.0	10.0	4.0	8.0	8.0	277
0.0	9.0	6.0	5.0	3.0	6.0	8.0	8.0	8.0	9.0	6.0	4.0	8.0	3.0	3.0	6.0	8.0	4.0	4.0	7.0	278
0.0	5.0	6.0	7.0	0.0	17.0	5.0	8.0	10.0	5.0	8.0	4.0	9.0	7.0	1.0	3.0	13.0	3.0	5.0	3.0	279
0.0	7.0	14.0	6.0	3.0	5.0	4.0	13.0	14.0	4.0	9.0	3.0	6.0	7.0	2.0	8.0	9.0	7.0	8.0	7.0	280
1.0	4.0	24.0	5.0	3.0	9.0	13.0	12.0	17.0	3.0	3.0	1.0	3.0	5.0	2.0	3.0	8.0	3.0	6.0	5.0	281
1.0	5.0	7.0	1.0	5.0	1.0	6.0	7.0	19.0	3.0	4.0	3.0	8.0	9.0	2.0	4.0	8.0	5.0	7.0	6.0	282
1.0	9.0	3.0	8.0	3.0	1.0	15.0	4.0	16.0	4.0	4.0	2.0	5.0	6.0	3.0	5.0	14.0	4.0	7.0	4.0	283
1.0	4.0	5.0	4.0	3.0	2.0	11.0	8.0	6.0	7.0	7.0	1.0	6.0	13.0	1.0	5.0	5.0	4.0	5.0	4.0	284
1.0	5.0	5.0	4.0	4.0	4.0	6.0	8.0	8.0	3.0	8.0	4.0	4.0	9.0	2.0	6.0	5.0	6.0	10.0	9.0	285
1.0	5.0	5.0	5.0	1.0	2.0	8.0	9.0	7.0	5.0	6.0	2.0	3.0	5.0	2.0	2.0	6.0	3.0	6.0	7.0	286
2.0	3.0	6.0	1.0	3.0	5.0	5.0	5.0	2.0	6.0	7.0	4.0	4.0	7.0	1.0	5.0	6.0	8.0	7.0	12.0	287
1.0	5.0	7.0	1.0	6.0	1.0	3.0	17.0	1.0	6.0	10.0	7.0	8.0	6.0	2.0	1.0	4.0	6.0	10.0	8.0	288
2.0	3.0	13.0	6.0	8.0	1.0	3.0	12.0	2.0	10.0	11.0	6.0	7.0	5.0	3.0	4.0	4.0	5.0	4.0	14.0	289
0.0	7.0	4.0	3.0	5.0	3.0	7.0	2.0	2.0	9.0	5.0	2.0	6.0	5.0	1.0	3.0	3.0	12.0	2.0	9.0	290
1.0	5.0	2.0	7.0	7.0	3.0	4.0	3.0	1.0	3.0	4.0	3.0	6.0	8.0	1.0	7.0	6.0	16.0	5.0	4.0	291
0.0	3.0	7.0	7.0	0.0	9.0	4.0	2.0	6.0	3.0	7.0	0.0	12.0	3.0	3.0	11.0	4.0	8.0	9.0	6.0	292
1.0	5.0	3.0	5.0	1.0	3.0	6.0	1.0	2.0	2.0	6.0	2.0	2.0	7.0	1.0	3.0	8.0	5.0	5.0	11.0	293
1.0	2.0	3.0	7.0	6.0	17.0	5.0	1.0	5.0	4.0	6.0	5.0	10.0	3.0	1.0	7.0	10.0	10.0	4.0	9.0	294
1.0	4.0	3.0	7.0	4.0	7.0	3.0	4.0	0.0	5.0	9.0	8.0	6.0	9.0	2.0	2.0	7.0	6.0	10.0	13.0	295
0.0	9.0	3.0	2.0	6.0	7.0	4.0	2.0	3.0	2.0	9.0	7.0	13.0	10.0	1.0	2.0	8.0	2.0	2.0	12.0	296
1.0	6.0	10.0	5.0	1.0	8.0	3.0	1.0	3.0	5.0	11.0	2.0	5.0	10.0	1.0	3.0	3.0	2.0	16.0	9.0	297
1.0	8.0	4.0	7.0	5.0	14.0	2.0	1.0	1.0	3.0	10.0	1.0	6.0	5.0	2.0	1.0	9.0	4.0	9.0	13.0	298
0.0	5.0	4.0	5.0	5.0	12.0	4.0	3.0	10.0	5.0	8.0	6.0	6.0	9.0	2.0	4.0	7.0	4.0	4.0	14.0	299
1.0	2.0	2.0	4.0	5.0	3.0	4.0	1.0	1.0	1.0	5.0	5.0	10.0	8.0	2.0	2.0	5.0	5.0	5.0	7.0	300
0.0	5.0	0.0	3.0	6.0	2.0	5.0	1.0	5.0	2.0	8.0	1.0	7.0	2.0	1.0	7.0	7.0	8.0	8.0	11.0	301
3.0	0.0	3.0	5.0	2.0	3.0	1.0	5.0	3.0	2.0	4.0	2.0	5.0	11.0	0.0	2.0	9.0	6.0	8.0	10.0	302
2.0	3.0	3.0	4.0	3.0	1.0	3.0	0.0	7.0	4.0	1.0	3.0	8.0	5.0	1.0	3.0	4.0	7.0	9.0	11.0	303
1.0	3.0	1.0	6.0	1.0	5.0	0.0	4.0	0.0	4.0	15.0	4.0	15.0	12.0	2.0	4.0	9.0	12.0	11.0	10.0	304
2.0	2.0	5.0	7.0	5.0	3.0	7.0	1.0	3.0	4.0	11.0	4.0	8.0	6.0	0.0	4.0	8.0	6.0	7.0	2.0	305
2.0	1.0	0.0	7.0	2.0	2.0	3.0	3.0	5.0	1.0	6.0	4.0	10.0	9.0	1.0	4.0	12.0	14.0	4.0	5.0	306
4.0	1.0	1.0	7.0	4.0	0.0	4.0	1.0	3.0	5.0	4.0	4.0	7.0	13.0	1.0	3.0	8.0	7.0	3.0	6.0	307
3.0	3.0	3.0	10.0	4.0	4.0	3.0	1.0	6.0	1.0	7.0	4.0	8.0	8.0	0.0	2.0	17.0	6.0	6.0	9.0	308
0.0	1.0	6.0	7.0	4.0	3.0	2.0	3.0	3.0	4.0	5.0	2.0	5.0	5.0	2.0	3.0	8.0	9.0	7.0	11.0	309
2.0	4.0	10.0	6.0	5.0	0.0	2.0	2.0	5.0	3.0	10.0	2.0	4.0	8.0	1.0	1.0	18.0	6.0	8.0	3.0	310
2.0	1.0	12.0	12.0	2.0	4.0	0.0	2.0	8.0	2.0	7.0	2.0	3.0	7.0	1.0	3.0	10.0	3.0	9.0	10.0	311
0.0	1.0	1.0	7.0	6.0	2.0	2.0	2.0	6.0	1.0	9.0	2.0	6.0	11.0	2.0	5.0	9.0	2.0	9.0	8.0	312
0.0	6.0	2.0	6.0	9.0	4.0	1.0	2.0	8.0	2.0	5.0	4.0	2.0	6.0	3.0	4.0	13.0	6.0	5.0	11.0	313
2.0	4.0	1.0	11.0	6.0	0.0	2.0	4.0	6.0	1.0	9.0	4.0	9.0	5.0	1.0	5.0	4.0	1.0	5.0	5.0	314
2.0	4.0	0.0	16.0	9.0	3.0	2.0	2.0	4.0	3.0	5.0	1.0	11.0	4.0	1.0	5.0	8.0	4.0	6.0	8.0	315
1.0	4.0	0.0	11.0	9.0	1.0	3.0	3.0	2.0	2.0	9.0	1.0	4.0	4.0	1.0	9.0	11.0	6.0	5.0	5.0	316
1.0	6.0	1.0	7.0	8.0	1.0	3.0	5.0	5.0	0.0	3.0	4.0	4.0	4.0	3.0	5.0	5.0	3.0	3.0	4.0	317
1.0	3.0	3.0	7.0	10.0	1.0	1.0	2.0	1.0	6.0	6.0	7.0	4.0	3.0	2.0	6.0	4.0	7.0	5.0	2.0	318
2.0	5.0	1.0	7.0	11.0	1.0	5.0	3.0	6.0	4.0	6.0	1.0	4.0	2.0	4.0	5.0	3.0	1.0	8.0	6.0	319
2.0	3.0	0.0	5.0	6.0	0.0	8.0	2.0	2.0	1.0	5.0	1.0	1.0	9.0	3.0	3.0	6.0	5.0	4.0	6.0	320
0.0	1.0	2.0	8.0	3.0	0.0	5.0	4.0	6.0	1.0	8.0	4.0	1.0	5.0	2.0	5.0	2.0	3.0	6.0	5.0	321
2.0	2.0	2.0	11.0	8.0	0.0	4.0	3.0	3.0	1.0	8.0	4.0	2.0	3.0	0.0	3.0	5.0	3.0	6.0	16.0	322
0.0	4.0	0.0	6.0	2.0	2.0	3.0	2.0	2.0	1.0	7.0	2.0	2.0	12.0	1.0	4.0	10.0	0.0	12.0	19.0	323
2.0	2.0	1.0	11.0	3.0	1.0	1.0	5.0	9.0	0.0	1.0	5.0	1.0	5.0	6.0	2.0	4.0	4.0	3.0	21.0	324
5.0	3.0	2.0	4.0	4.0	0.0	4.0	7.0	3.0	0.0	18.0	7.0	2.0	9.0	2.0	5.0	2.0	2.0	1.0	2.0	325
1.0	1.0	0.0	8.0	5.0	1.0	4.0	3.0	7.0	1.0	10.0	3.0	4.0	9.0	4.0	4.0	3.0	2.0	9.0	8.0	326
3.0	7.0	2.0	5.0	4.0	2.0	6.0	3.0	2.0	0.0	11.0	7.0	2.0	7.0	2.0	8.0	7.0	3.0	12.0	3.0	327
3.0	7.0	2.0	2.0	5.0	3.0	3.0	1.0	5.0	2.0	10.0	5.0	1.0	5.0	3.0	4.0	5.0	2.0	8.0	4.0	328
0.0	2.0	4.0	9.0	3.0	0.0	7.0	3.0	2.0	0.0	11.0	1.0	4.0	5.0	0.0	7.0	2.0	8.0	12.0	8.0	329
1.0	2.0	0.0	10.0	3.0	1.0	9.0	2.0	7.0	0.0	22.0	1.0	5.0	6.0	3.0	9.0	4.0	4.0	9.0	5.0	330
0.0	4.0	1.0	7.0	5.0	1.0	2.0	8.0	3.0	1.0	16.0	0.0	3.0	3.0	2.0	11.0	3.0	1.0	10.0	2.0	331
3.0	1.0	4.0	7.0	4.0	1.0	0.0	3.0	9.0	1.0	9.0	2.0	4.0	7.0	3.0	11.0	0.0	3.0	8.0	3.0	332
2.0	3.0	0.0	8.0	3.0	2.0	5.0	9.0	8.0	2.0	9.0	2.0	5.0	7.0	3.0	12.0	3.0	3.0	11.0	2.0	333
2.0	3.0	0.0	1.0	5.0	3.0	5.0	9.0	2.0	0.0	14.0	2.0	3.0	4.0	3.0	13.0	3.0	6.0	6.0	5.0	334
2.0	1.0	2.0	3.0	2.0	0.0	4.0	8.0	3.0	0.0	8.0	3.0	4.0	9.0	3.0	12.0	1.0	6.0	13.0	7.0	335
1.0	1.0	0.0	11.0	2.0	0.0	2.0	12.0	5.0	1.0	10.0	6.0	2.0	11.0	4.0	11.0	2.0	7.0	13.0	10.0	336
0.0	3.0	1.0	7.0	4.0	1.0	1.0	3.0	6.0	0.0	6.0	3.0	5.0	8.0	4.0	6.0	9.0	10.0	5.0	10.0	337
0.0	4.0	0.0	11.0	5.0	1.0	1.0	2.0	1.0	0.0	2.0	1.0	7.0	3.0	1.0	2.0	2.0	8.0	9.0	11.0	338
1.0	2.0	1.0	7.0	1.0	3.0	4.0	5.0	4.0	0.0	2.0	3.0	3.0	10.0	2.0	1.0	7.0	11.0	13.0	6.0	339
3.0	2.0	0.0	5.0	2.0	0.0	0.0	3.0	2.0	2.0	7.0	5.0	3.0	11.0	0.0	6.0	4.0	5.0	6.0	3.0	340
3.0	1.0	0.0	3.0	3.0	0.0	2.0	0.0	6.0	1.0	1.0	3.0	1.0	15.0	3.0	3.0	7.0	6.0	13.0	6.0	341
1.0	1.0	1.0	4.0	4.0	0.0	0.0	4.0	6.0	3.0	4.0	5.0	0.0	16.0	1.0	5.0	5.0	5.0	5.0	7.0	342
2.0	1.0	2.0	5.0	5.0	2.0	3.0	5.0	5.0	1.0	10.0	5.0	4.0	11.0	2.0	9.0	4.0	11.0	6.0	6.0	343
2.0	0.0	3.0	3.0	1.0	0.0	5.0	4.0	6.0	1.0	2.0	3.0	4.0	16.0	3.0	2.0	4.0	9.0	6.0	6.0	344
1.0	0.0	4.0	3.0	4.0	0.0	2.0	2.0	5.0	1.0	4.0	1.0	8.0	9.0	2.0	6.0	9.0	2.0	4.0	4.0	345
4.0	1.0	3.0	2.0	5.0	0.0	3.0	2.0	5.0	0.0	11.0	6.0	6.0	6.0	1.0	1.0	5.0	5.0	4.0	3.0	346
6.0	3.0	1.0	3.0	3.0	1.0	6.0	3.0	2.0	0.0	11.0	5.0	2.0	8.0	3.0	5.0	1.0	5.0	4.0	3.0	347
2.0	1.0	1.0	1.0	2.0	4.0	2.0	3.0	6.0	1.0	4.0	6.0	0.0	9.0	4.0	1.0	2.0	8.0	4.0	1.0	348
3.0	0.0	3.0	2.0	2.0	0.0	4.0	0.0	2.0	1.0	2.0	2.0	3.0	6.0	1.0	2.0	3.0	9.0	7.0	1.0	349
6.0	0.0	1.0	3.0	4.0	4.0	4.0	5.0	11.0	2.0	3.0	7.0	2.0	3.0	3.0	1.0	5.0	5.0	5.0	0.0	350
6.0	2.0	2.0	5.0	2.0	1.0	4.0	2.0	7.0	0.0	5.0	8.0	2.0	3.0	5.0	1.0	1.0	6.0	4.0	4.0	351
4.0	1.0	2.0	2.0	4.0	4.0	2.0	2.0	4.0	0.0	7.0	5.0	1.0	6.0	3.0	1.0	0.0	5.0	5.0	1.0	352
5.0	1.0	1.0	5.0	3.0	1.0	4.0	4.0	8.0	1.0	3.0	5.0	2.0	2.0	4.0	3.0	1.0	1.0	6.0	4.0	353
4.0	0.0	0.0	1.0	3.0	4.0	5.0	1.0	5.0	0.0	2.0	2.0	1.0	4.0	6.0	0.0	3.0	3.0	1.0	3.0	354
2.0	1.0	0.0	1.0	5.0	1.0	1.0	3.0	7.0	0.0	2.0	2.0	4.0	5.0	6.0	1.0	4.0	3.0	10.0	3.0	355
4.0	1.0	2.0	1.0	2.0	4.0	1.0	4.0	2.0	1.0	2.0	7.0	4.0	5.0	3.0	5.0	5.0	2.0	5.0	2.0	356
7.0	1.0	1.0	1.0	2.0	0.0	4.0	3.0	8.0	1.0	3.0	5.0	3.0	2.0	5.0	4.0	1.0	6.0	3.0	2.0	357
4.0	3.0	2.0	2.0	3.0	1.0	1.0	2.0	6.0	1.0	4.0	8.0	0.0	7.0	2.0	2.0	4.0	0.0	8.0	0.0	358
3.0	3.0	3.0	2.0	6.0	1.0	0.0	8.0	8.0	1.0	7.0	5.0	1.0	7.0	1.0	4.0	5.0	6.0	11.0	3.0	359
3.0	0.0	3.0	2.0	4.0	3.0	5.0	2.0	5.0	3.0	5.0	2.0	2.0	5.0	4.0	2.0	8.0	0.0	6.0	2.0	360
4.0	4.0	3.0	2.0	4.0	1.0	1.0	4.0	3.0	2.0	6.0	3.0	3.0	9.0	3.0	1.0	4.0	3.0	8.0	4.0	361
5.0	2.0	6.0	4.0	4.0	0.0	4.0	4.0	6.0	0.0	8.0	4.0	6.0	5.0	7.0	0.0	8.0	2.0	20.0	1.0	362
8.0	2.0	4.0	5.0	5.0	1.0	5.0	5.0	8.0	0.0	10.0	1.0	3.0	9.0	0.0	3.0	5.0	0.0	5.0	2.0	363
10.0	3.0	4.0	0.0	2.0	1.0	1.0	4.0	5.0	2.0	4.0	2.0	3.0	11.0	4.0	0.0	2.0	2.0	8.0	1.0	364
4.0	2.0	4.0	4.0	3.0	1.0	4.0	2.0	6.0	1.0	5.0	6.0	7.0	10.0	3.0	3.0	1.0	2.0	12.0	2.0	365
2.0	2.0	0.0	4.0	5.0	1.0	7.0	1.0	4.0	2.0	2.0	6.0	2.0	4.0	2.0	2.0	2.0	1.0	5.0	3.0	366
3.0	4.0	4.0	4.0	9.0	4.0	2.0	4.0	8.0	0.0	4.0	6.0	6.0	5.0	6.0	2.0	3.0	1.0	12.0	3.0	367
3.0	0.0	2.0	3.0	9.0	0.0	3.0	1.0	6.0	1.0	3.0	3.0	6.0	6.0	1.0	0.0	0.0	3.0	13.0	4.0	368
3.0	2.0	3.0	4.0	8.0	3.0	5.0	2.0	4.0	2.0	3.0	4.0	3.0	5.0	8.0	3.0	2.0	2.0	3.0	2.0	369
3.0	2.0	3.0	2.0	4.0	6.0	8.0	3.0	1.0	1.0	2.0	3.0	4.0	3.0	5.0	1.0	2.0	4.0	8.0	3.0	370
6.0	5.0	1.0	1.0	5.0	1.0	4.0	2.0	4.0	0.0	1.0	6.0	2.0	6.0	1.0	5.0	2.0	2.0	9.0	6.0	371
5.0	2.0	0.0	1.0	3.0	3.0	10.0	2.0	1.0	2.0	1.0	3.0	1.0	4.0	2.0	1.0	1.0	6.0	5.0	1.0	372
4.0	2.0	0.0	2.0	4.0	1.0	2.0	2.0	0.0	0.0	0.0	6.0	3.0	0.0	4.0	5.0	2.0	4.0	11.0	2.0	373
4.0	3.0	1.0	3.0	4.0	3.0	0.0	1.0	1.0	1.0	2.0	3.0	8.0	2.0	5.0	9.0	1.0	3.0	7.0	3.0	374
5.0	2.0	3.0	0.0	2.0	2.0	0.0	3.0	4.0	0.0	2.0	5.0	4.0	10.0	2.0	3.0	2.0	6.0	4.0	1.0	375
15.0	2.0	1.0	0.0	8.0	2.0	1.0	2.0	4.0	1.0	0.0	3.0	6.0	3.0	3.0	3.0	0.0	3.0	5.0	2.0	376
9.0	0.0	2.0	3.0	4.0	2.0	1.0	2.0	2.0	0.0	3.0	3.0	3.0	6.0	2.0	4.0	0.0	3.0	8.0	4.0	377
6.0	0.0	3.0	1.0	1.0	1.0	4.0	5.0	4.0	1.0	2.0	7.0	1.0	2.0	2.0	5.0	2.0	6.0	8.0	3.0	378
9.0	1.0	1.0	0.0	4.0	3.0	3.0	2.0	3.0	0.0	3.0	9.0	4.0	4.0	2.0	1.0	5.0	3.0	3.0	2.0	379
4.0	0.0	0.0	4.0	2.0	6.0	1.0	3.0	13.0	1.0	3.0	3.0	3.0	3.0	3.0	1.0	3.0	0.0	1.0	4.0	380
3.0	1.0	2.0	3.0	8.0	1.0	1.0	4.0	7.0	2.0	0.0	3.0	5.0	5.0	2.0	4.0	0.0	4.0	4.0	4.0	381
2.0	1.0	2.0	0.0	7.0	3.0	3.0	6.0	12.0	0.0	2.0	2.0	4.0	1.0	2.0	4.0	1.0	1.0	6.0	1.0	382
2.0	1.0	3.0	5.0	6.0	1.0	0.0	2.0	5.0	1.0	3.0	4.0	4.0	3.0	1.0	7.0	3.0	2.0	5.0	3.0	383
1.0	1.0	3.0	6.0	7.0	1.0	1.0	3.0	6.0	2.0	5.0	8.0	1.0	3.0	2.0	2.0	3.0	4.0	3.0	3.0	384
1.0	1.0	0.0	2.0	6.0	0.0	0.0	5.0	1.0	1.0	3.0	7.0	4.0	5.0	0.0	3.0	6.0	1.0	5.0	2.0	385
0.0	0.0	1.0	3.0	9.0	1.0	2.0	1.0	4.0	2.0	1.0	1.0	2.0	3.0	1.0	3.0	2.0	0.0	1.0	3.0	386
1.0	1.0	0.0	8.0	7.0	1.0	0.0	3.0	17.0	3.0	7.0	1.0	2.0	1.0	1.0	4.0	6.0	3.0	6.0	7.0	387
4.0	0.0	0.0	4.0	3.0	2.0	1.0	3.0	8.0	3.0	1.0	3.0	4.0	2.0	0.0	8.0	6.0	1.0	5.0	4.0	388
1.0	0.0	1.0	3.0	5.0	3.0	3.0	5.0	5.0	3.0	0.0	5.0	2.0	3.0	0.0	3.0	1.0	4.0	6.0	3.0	389
0.0	1.0	2.0	2.0	8.0	0.0	2.0	7.0	3.0	2.0	3.0	3.0	7.0	2.0	1.0	9.0	4.0	2.0	4.0	3.0	390
2.0	0.0	0.0	1.0	2.0	1.0	3.0	11.0	5.0	1.0	2.0	5.0	5.0	5.0	1.0	3.0	2.0	3.0	2.0	2.0	391
0.0	0.0	0.0	3.0	7.0	3.0	2.0	2.0	6.0	4.0	4.0	3.0	4.0	3.0	5.0	1.0	2.0	2.0	6.0	2.0	392
1.0	1.0	1.0	3.0	4.0	0.0	2.0	1.0	0.0	4.0	3.0	1.0	8.0	0.0	1.0	5.0	3.0	2.0	1.0	0.0	393
2.0	0.0	1.0	3.0	6.0	7.0	2.0	5.0	2.0	5.0	8.0	5.0	10.0	6.0	0.0	3.0	6.0	2.0	4.0	3.0	394
1.0	1.0	0.0	2.0	5.0	2.0	3.0	3.0	0.0	4.0	3.0	6.0	10.0	3.0	2.0	4.0	1.0	3.0	1.0	0.0	395
1.0	2.0	3.0	1.0	5.0	3.0	1.0	0.0	1.0	7.0	8.0	9.0	9.0	3.0	2.0	3.0	3.0	0.0	3.0	4.0	396
2.0	2.0	0.0	2.0	8.0	1.0	1.0	6.0	0.0	5.0	5.0	6.0	13.0	1.0	4.0	4.0	1.0	4.0	3.0	0.0	397
2.0	0.0	1.0	4.0	7.0	1.0	1.0	6.0	1.0	11.0	4.0	8.0	4.0	7.0	2.0	5.0	3.0	2.0	2.0	1.0	398
2.0	2.0	0.0	3.0	7.0	0.0	8.0	8.0	1.0	10.0	1.0	8.0	1.0	4.0	0.0	1.0	2.0	1.0	2.0	0.0	399
1.0	2.0	1.0	1.0	8.0	1.0	2.0	9.0	2.0	3.0	1.0	9.0	7.0	2.0	0.0	1.0	0.0	6.0	1.0	1.0	400
0.0	0.0	0.0	1.0	6.0	2.0	0.0	7.0	1.0	1.0	3.0	2.0	5.0	3.0	3.0	1.0	2.0	1.0	6.0	1.0	401
3.0	2.0	0.0	8.0	0.0	0.0	2.0	9.0	3.0	5.0	4.0	1.0	6.0	5.0	1.0	1.0	3.0	6.0	4.0	1.0	402
1.0	2.0	0.0	6.0	5.0	1.0	3.0	2.0	1.0	1.0	2.0	5.0	6.0	4.0	0.0	1.0	0.0	2.0	2.0	3.0	403
2.0	0.0	2.0	4.0	0.0	1.0	0.0	3.0	4.0	1.0	4.0	6.0	2.0	2.0	1.0	3.0	1.0	3.0	3.0	1.0	404
0.0	1.0	1.0	2.0	3.0	0.0	2.0	3.0	1.0	0.0	6.0	9.0	2.0	9.0	3.0	4.0	3.0	2.0	3.0	1.0	405
1.0	0.0	1.0	1.0	5.0	0.0	5.0	1.0	2.0	3.0	4.0	5.0	4.0	6.0	3.0	0.0	0.0	1.0	2.0	1.0	406
1.0	2.0	1.0	1.0	3.0	0.0	3.0	2.0	2.0	2.0	7.0	3.0	2.0	7.0	6.0	5.0	2.0	3.0	4.0	2.0	407
2.0	1.0	0.0	4.0	1.0	0.0	1.0	3.0	2.0	0.0	4.0	3.0	6.0	5.0	6.0	2.0	3.0	3.0	3.0	2.0	408
0.0	1.0	1.0	0.0	0.0	0.0	3.0	3.0	5.0	1.0	5.0	2.0	3.0	2.0	6.0	3.0	2.0	2.0	1.0	2.0	409
0.0	2.0	0.0	1.0	2.0	1.0	0.0	2.0	3.0	2.0	6.0	9.0	3.0	3.0	5.0	3.0	4.0	6.0	3.0	2.0	410
2.0	2.0	0.0	1.0	4.0	0.0	1.0	3.0	4.0	1.0	0.0	2.0	8.0	2.0	2.0	1.0	4.0	2.0	3.0	2.0	411
0.0	1.0	0.0	1.0	0.0	0.0	1.0	7.0	1.0	0.0	0.0	1.0	4.0	4.0	0.0	1.0	5.0	4.0	4.0	1.0	412
2.0	2.0	1.0	2.0	5.0	1.0	3.0	1.0	6.0	1.0	3.0	1.0	1.0	4.0	2.0	1.0	0.0	3.0	4.0	1.0	413
0.0	0.0	2.0	3.0	1.0	1.0	2.0	2.0	3.0	0.0	7.0	4.0	3.0	3.0	1.0	5.0	0.0	4.0	3.0	1.0	414
2.0	2.0	0.0	2.0	4.0	0.0	0.0	1.0	1.0	1.0	7.0	0.0	3.0	4.0	3.0	3.0	0.0	5.0	3.0	4.0	415
0.0	0.0	1.0	2.0	2.0	0.0	4.0	0.0	6.0	3.0	8.0	0.0	3.0	3.0	4.0	2.0	3.0	4.0	3.0	6.0	416
2.0	0.0	2.0	1.0	1.0	1.0	1.0	1.0	1.0	1.0	10.0	2.0	3.0	3.0	2.0	1.0	0.0	3.0	3.0	0.0	417
0.0	1.0	1.0	3.0	3.0	0.0	0.0	1.0	3.0	1.0	7.0	0.0	0.0	4.0	2.0	2.0	1.0	3.0	4.0	2.0	418
0.0	1.0	1.0	5.0	3.0	2.0	3.0	0.0	0.0	0.0	9.0	3.0	4.0	11.0	5.0	3.0	4.0	8.0	7.0	0.0	419
2.0	1.0	1.0	7.0	4.0	0.0	2.0	1.0	3.0	1.0	4.0	2.0	2.0	6.0	3.0	1.0	5.0	4.0	0.0	2.0	420
0.0	1.0	3.0	3.0	15.0	0.0	6.0	0.0	5.0	1.0	4.0	1.0	2.0	5.0	1.0	4.0	2.0	4.0	8.0	2.0	421
0.0	1.0	4.0	9.0	10.0	0.0	6.0	1.0	3.0	2.0	2.0	2.0	0.0	5.0	0.0	1.0	2.0	5.0	4.0	4.0	422
0.0	1.0	1.0	10.0	6.0	1.0	6.0	1.0	3.0	1.0	5.0	3.0	1.0	1.0	4.0	0.0	5.0	6.0	9.0	2.0	423
0.0	1.0	1.0	2.0	8.0	1.0	9.0	0.0	0.0	3.0	6.0	1.0	1.0	7.0	1.0	1.0	4.0	1.0	4.0	3.0	424
0.0	1.0	0.0	8.0	9.0	0.0	1.0	2.0	3.0	0.0	2.0	1.0	3.0	5.0	1.0	3.0	5.0	2.0	5.0	2.0	425
1.0	0.0	0.0	1.0	7.0	1.0	2.0	2.0	0.0	1.0	2.0	4.0	3.0	6.0	0.0	3.0	3.0	3.0	6.0	0.0	426
1.0	1.0	1.0	3.0	11.0	2.0	4.0	0.0	3.0	3.0	1.0	2.0	2.0	2.0	0.0	1.0	8.0	5.0	2.0	1.0	427
2.0	1.0	1.0	2.0	5.0	1.0	3.0	0.0	0.0	1.0	2.0	8.0	2.0	2.0	2.0	2.0	5.0	6.0	7.0	4.0	428
2.0	3.0	0.0	1.0	2.0	0.0	0.0	1.0	1.0	0.0	2.0	3.0	3.0	0.0	2.0	3.0	2.0	12.0	5.0	0.0	429
1.0	1.0	1.0	0.0	0.0	1.0	3.0	0.0	1.0	0.0	4.0	8.0	1.0	2.0	0.0	1.0	6.0	6.0	7.0	4.0	430
1.0	1.0	0.0	1.0	2.0	1.0	2.0	0.0	2.0	1.0	2.0	3.0	5.0	2.0	1.0	0.0	3.0	3.0	7.0	1.0	431
1.0	3.0	1.0	2.0	0.0	0.0	5.0	0.0	0.0	0.0	2.0	5.0	7.0	3.0	0.0	2.0	1.0	8.0	7.0	4.0	432
1.0	0.0	0.0	1.0	1.0	0.0	4.0	1.0	7.0	1.0	1.0	4.0	13.0	0.0	1.0	1.0	1.0	5.0	8.0	2.0	433
1.0	0.0	1.0	2.0	1.0	1.0	1.0	1.0	0.0	2.0	3.0	4.0	5.0	0.0	0.0	2.0	2.0	3.0	9.0	2.0	434
1.0	2.0	1.0	0.0	1.0	0.0	4.0	2.0	1.0	1.0	2.0	4.0	12.0	2.0	2.0	6.0	2.0	4.0	9.0	3.0	435
0.0	1.0	1.0	3.0	2.0	2.0	4.0	0.0	6.0	1.0	3.0	2.0	3.0	12.0	3.0	2.0	2.0	1.0	10.0	4.0	436
0.0	1.0	0.0	1.0	0.0	0.0	1.0	1.0	7.0	3.0	5.0	2.0	3.0	10.0	1.0	0.0	3.0	2.0	4.0	3.0	437
2.0	0.0	0.0	4.0	3.0	1.0	6.0	0.0	1.0	1.0	2.0	1.0	6.0	7.0	2.0	6.0	2.0	1.0	10.0	6.0	438
1.0	2.0	1.0	4.0	1.0	1.0	1.0	1.0	2.0	3.0	1.0	4.0	2.0	9.0	1.0	5.0	1.0	0.0	3.0	1.0	439
1.0	1.0	1.0	3.0	3.0	0.0	3.0	0.0	1.0	1.0	2.0	5.0	1.0	8.0	1.0	3.0	1.0	1.0	1.0	4.0	440
3.0	2.0	1.0	4.0	1.0	0.0	0.0	1.0	1.0	1.0	1.0	2.0	1.0	4.0	1.0	5.0	1.0	6.0	2.0	2.0	441
0.0	2.0	0.0	4.0	0.0	2.0	4.0	0.0	0.0	2.0	2.0	2.0	1.0	3.0	0.0	4.0	1.0	0.0	1.0	1.0	442
0.0	0.0	3.0	3.0	4.0	1.0	2.0	3.0	1.0	1.0	1.0	10.0	2.0	5.0	4.0	2.0	1.0	3.0	0.0	4.0	443
0.0	4.0	0.0	0.0	1.0	0.0	2.0	0.0	4.0	2.0	2.0	9.0	1.0	5.0	0.0	7.0	2.0	2.0	1.0	3.0	444
1.0	0.0	2.0	3.0	3.0	1.0	2.0	1.0	1.0	4.0	1.0	7.0	1.0	10.0	3.0	7.0	2.0	0.0	1.0	1.0	445
0.0	3.0	2.0	5.0	7.0	1.0	1.0	1.0	3.0	3.0	4.0	9.0	1.0	6.0	2.0	8.0	2.0	2.0	3.0	1.0	446
0.0	4.0	1.0	5.0	11.0	1.0	1.0	1.0	3.0	0.0	3.0	6.0	5.0	0.0	1.0	2.0	1.0	2.0	1.0	2.0	447
0.0	5.0	0.0	8.0	13.0	0.0	7.0	2.0	1.0	0.0	6.0	5.0	1.0	3.0	2.0	1.0	5.0	2.0	0.0	0.0	448
3.0	4.0	2.0	1.0	13.0	1.0	4.0	1.0	2.0	3.0	3.0	2.0	1.0	0.0	2.0	2.0	3.0	1.0	2.0	1.0	449
1.0	2.0	3.0	3.0	9.0	0.0	1.0	1.0	0.0	3.0	2.0	7.0	1.0	2.0	1.0	1.0	5.0	1.0	1.0	2.0	450
1.0	0.0	0.0	0.0	1.0	3.0	6.0	2.0	0.0	0.0	0.0	9.0	4.0	3.0	0.0	1.0	4.0	1.0	1.0	3.0	451
0.0	2.0	1.0	2.0	3.0	1.0	5.0	0.0	0.0	2.0	5.0	9.0	2.0	2.0	1.0	0.0	1.0	0.0	2.0	2.0	452
0.0	1.0	1.0	2.0	2.0	0.0	3.0	0.0	2.0	1.0	0.0	1.0	2.0	1.0	2.0	1.0	0.0	2.0	1.0	0.0	453
0.0	2.0	2.0	1.0	4.0	0.0	2.0	4.0	1.0	4.0	0.0	0.0	3.0	3.0	2.0	0.0	1.0	1.0	4.0	1.0	454
4.0	4.0	1.0	1.0	2.0	1.0	5.0	0.0	2.0	2.0	2.0	0.0	0.0	0.0	0.0	0.0	0.0	1.0	4.0	5.0	455
1.0	6.0	0.0	4.0	4.0	0.0	1.0	2.0	2.0	1.0	1.0	0.0	3.0	3.0	0.0	0.0	0.0	1.0	0.0	5.0	456
0.0	1.0	0.0	3.0	5.0	1.0	5.0	1.0	2.0	0.0	6.0	0.0	2.0	0.0	3.0	11.0	0.0	0.0	2.0	1.0	457
0.0	5.0	0.0	1.0	2.0	2.0	2.0	1.0	1.0	2.0	2.0	2.0	1.0	1.0	2.0	12.0	1.0	3.0	8.0	3.0	458
0.0	10.0	0.0	3.0	4.0	1.0	1.0	1.0	0.0	3.0	5.0	1.0	0.0	2.0	3.0	3.0	0.0	1.0	10.0	3.0	459
2.0	6.0	2.0	4.0	0.0	1.0	3.0	2.0	0.0	2.0	2.0	0.0	0.0	0.0	2.0	5.0	0.0	1.0	14.0	0.0	460
1.0	8.0	4.0	1.0	1.0	0.0	4.0	0.0	1.0	3.0	4.0	0.0	1.0	0.0	2.0	7.0	0.0	4.0	11.0	1.0	461
1.0	15.0	0.0	2.0	4.0	1.0	2.0	0.0	2.0	2.0	1.0	0.0	1.0	3.0	1.0	2.0	1.0	4.0	2.0	6.0	462
0.0	7.0	2.0	3.0	1.0	0.0	4.0	1.0	3.0	1.0	4.0	1.0	0.0	1.0	1.0	1.0	0.0	0.0	5.0	5.0	463
1.0	3.0	2.0	6.0	0.0	1.0	3.0	0.0	1.0	0.0	7.0	0.0	0.0	1.0	2.0	0.0	0.0	1.0	2.0	9.0	464
2.0	2.0	4.0	4.0	1.0	1.0	4.0	0.0	3.0	1.0	3.0	1.0	0.0	1.0	1.0	0.0	0.0	2.0	1.0	6.0	465
0.0	1.0	3.0	8.0	1.0	0.0	2.0	0.0	0.0	3.0	5.0	0.0	1.0	1.0	2.0	2.0	0.0	1.0	6.0	7.0	466
1.0	2.0	0.0	4.0	0.0	0.0	2.0	0.0	1.0	2.0	2.0	1.0	0.0	1.0	2.0	1.0	0.0	2.0	3.0	5.0	467
0.0	0.0	1.0	4.0	1.0	1.0	2.0	3.0	2.0	0.0	2.0	0.0	0.0	2.0	4.0	0.0	0.0	2.0	2.0	7.0	468
1.0	1.0	3.0	2.0	1.0	1.0	2.0	1.0	2.0	1.0	7.0	0.0	0.0	2.0	2.0	0.0	0.0	8.0	3.0	6.0	469
1.0	4.0	1.0	3.0	0.0	0.0	1.0	2.0	4.0	1.0	3.0	0.0	0.0	1.0	0.0	1.0	0.0	3.0	3.0	8.0	470
1.0	4.0	0.0	2.0	0.0	1.0	1.0	1.0	8.0	3.0	1.0	1.0	0.0	1.0	0.0	0.0	1.0	3.0	2.0	4.0	471
1.0	1.0	1.0	1.0	0.0	2.0	1.0	0.0	7.0	0.0	0.0	0.0	0.0	0.0	1.0	2.0	0.0	1.0	2.0	4.0	472
2.0	0.0	1.0	3.0	0.0	1.0	0.0	1.0	10.0	3.0	1.0	2.0	0.0	2.0	0.0	0.0	0.0	0.0	5.0	1.0	473
2.0	2.0	3.0	0.0	0.0	0.0	1.0	0.0	1.0	2.0	4.0	0.0	2.0	1.0	0.0	0.0	0.0	4.0	3.0	0.0	474
0.0	0.0	4.0	0.0	0.0	1.0	1.0	0.0	2.0	1.0	1.0	0.0	0.0	1.0	1.0	0.0	0.0	4.0	2.0	0.0	475
0.0	0.0	6.0	2.0	1.0	2.0	3.0	0.0	11.0	3.0	0.0	0.0	0.0	1.0	0.0	1.0	0.0	0.0	1.0	0.0	476
1.0	1.0	17.0	2.0	2.0	1.0	6.0	0.0	7.0	1.0	1.0	0.0	0.0	0.0	1.0	0.0	0.0	5.0	2.0	1.0	477
0.0	2.0	8.0	1.0	1.0	1.0	5.0	2.0	5.0	9.0	3.0	1.0	0.0	2.0	0.0	0.0	1.0	1.0	3.0	0.0	478
1.0	0.0	11.0	3.0	0.0	3.0	5.0	1.0	2.0	5.0	0.0	0.0	0.0	1.0	0.0	0.0	0.0	1.0	2.0	0.0	479
1.0	1.0	7.0	2.0	0.0	0.0	7.0	0.0	1.0	6.0	2.0	0.0	0.0	0.0	0.0	0.0	0.0	0.0	2.0	0.0	480
0.0	1.0	8.0	2.0	0.0	0.0	1.0	1.0	1.0	4.0	1.0	0.0	0.0	2.0	0.0	1.0	1.0	4.0	4.0	0.0	481
1.0	0.0	1.0	4.0	0.0	0.0	2.0	0.0	0.0	2.0	1.0	0.0	0.0	1.0	2.0	0.0	0.0	1.0	1.0	0.0	482
3.0	0.0	2.0	3.0	1.0	1.0	5.0	1.0	0.0	5.0	1.0	0.0	1.0	1.0	1.0	1.0	0.0	4.0	2.0	0.0	483
1.0	0.0	1.0	1.0	1.0	0.0	7.0	1.0	1.0	6.0	1.0	0.0	0.0	1.0	1.0	0.0	0.0	4.0	1.0	0.0	484
0.0	1.0	3.0	3.0	0.0	2.0	12.0	0.0	0.0	1.0	2.0	0.0	0.0	2.0	1.0	2.0	1.0	7.0	0.0	0.0	485
0.0	0.0	0.0	2.0	0.0	1.0	5.0	1.0	1.0	1.0	1.0	0.0	0.0	1.0	0.0	1.0	0.0	8.0	0.0	0.0	486
0.0	0.0	0.0	3.0	0.0	0.0	2.0	0.0	0.0	0.0	1.0	1.0	0.0	0.0	0.0	1.0	0.0	1.0	0.0	0.0	487
1.0	1.0	3.0	4.0	0.0	1.0	4.0	1.0	1.0	0.0	2.0	0.0	0.0	0.0	1.0	1.0	0.0	5.0	0.0	0.0	488
0.0	0.0	0.0	2.0	0.0	0.0	3.0	1.0	0.0	0.0	1.0	0.0	0.0	2.0	0.0	0.0	0.0	8.0	2.0	0.0	489
2.0	2.0	0.0	7.0	1.0	2.0	3.0	1.0	0.0	1.0	2.0	1.0	0.0	1.0	0.0	0.0	0.0	3.0	1.0	0.0	490
1.0	1.0	2.0	5.0	1.0	2.0	11.0	2.0	0.0	2.0	5.0	0.0	1.0	2.0	3.0	1.0	0.0	4.0	0.0	1.0	491
1.0	0.0	1.0	8.0	1.0	0.0	2.0	3.0	0.0	1.0	1.0	1.0	0.0	1.0	2.0	0.0	0.0	6.0	0.0	0.0	492
1.0	0.0	0.0	0.0	0.0	0.0	2.0	0.0	1.0	0.0	5.0	0.0	0.0	1.0	0.0	1.0	0.0	10.0	0.0	0.0	493
2.0	1.0	1.0	7.0	1.0	3.0	7.0	0.0	1.0	0.0	3.0	0.0	1.0	3.0	2.0	5.0	0.0	1.0	0.0	0.0	494
0.0	0.0	0.0	9.0	1.0	1.0	4.0	2.0	0.0	1.0	2.0	0.0	0.0	2.0	2.0	1.0	1.0	5.0	1.0	0.0	495
3.0	2.0	0.0	12.0	0.0	6.0	3.0	1.0	0.0	1.0	1.0	0.0	0.0	2.0	1.0	0.0	0.0	3.0	0.0	1.0	496
1.0	1.0	2.0	7.0	1.0	1.0	2.0	2.0	1.0	0.0	3.0	0.0	1.0	5.0	0.0	2.0	0.0	2.0	1.0	0.0	497
3.0	2.0	0.0	3.0	1.0	1.0	7.0	1.0	0.0	1.0	3.0	1.0	1.0	6.0	1.0	1.0	0.0	4.0	0.0	0.0	498
2.0	4.0	0.0	2.0	1.0	3.0	4.0	2.0	0.0	0.0	2.0	0.0	1.0	6.0	0.0	1.0	1.0	4.0	1.0	1.0	499
0.0	1.0	0.0	2.0	3.0	0.0	3.0	0.0	0.0	2.0	0.0	0.0	0.0	1.0	1.0	0.0	0.0	4.0	1.0	0.0	500
0.0	2.0	1.0	4.0	1.0	0.0	4.0	1.0	1.0	6.0	1.0	0.0	0.0	6.0	0.0	1.0	0.0	5.0	1.0	0.0	501
0.0	0.0	0.0	1.0	1.0	2.0	6.0	1.0	0.0	1.0	3.0	1.0	0.0	7.0	0.0	0.0	0.0	4.0	0.0	0.0	502
0.0	5.0	0.0	3.0	0.0	1.0	2.0	0.0	0.0	3.0	0.0	0.0	0.0	12.0	0.0	0.0	1.0	3.0	0.0	0.0	503
0.0	4.0	0.0	4.0	1.0	0.0	3.0	0.0	0.0	0.0	2.0	0.0	1.0	5.0	2.0	1.0	0.0	5.0	1.0	0.0	504
2.0	2.0	1.0	2.0	0.0	3.0	4.0	0.0	0.0	2.0	0.0	0.0	0.0	2.0	1.0	1.0	0.0	2.0	2.0	1.0	505
2.0	4.0	0.0	1.0	1.0	1.0	2.0	0.0	0.0	0.0	0.0	0.0	0.0	3.0	1.0	1.0	0.0	3.0	0.0	1.0	506
0.0	6.0	1.0	0.0	0.0	3.0	4.0	3.0	0.0	3.0	2.0	1.0	0.0	3.0	0.0	0.0	1.0	0.0	0.0	0.0	507
0.0	11.0	1.0	2.0	0.0	4.0	0.0	0.0	0.0	1.0	1.0	0.0	0.0	3.0	1.0	0.0	0.0	3.0	1.0	0.0	508
0.0	10.0	0.0	0.0	1.0	6.0	1.0	1.0	0.0	2.0	0.0	0.0	1.0	7.0	0.0	0.0	0.0	1.0	1.0	0.0	509
2.0	6.0	0.0	0.0	0.0	6.0	5.0	0.0	1.0	1.0	2.0	0.0	0.0	6.0	0.0	2.0	0.0	2.0	1.0	2.0	510
0.0	1.0	1.0	2.0	0.0	8.0	5.0	2.0	1.0	3.0	2.0	0.0	0.0	1.0	1.0	0.0	0.0	1.0	2.0	0.0	511
0.0	0.0	0.0	3.0	1.0	10.0	2.0	3.0	0.0	2.0	2.0	0.0	0.0	1.0	0.0	0.0	0.0	2.0	3.0	0.0	512
0.0	0.0	0.0	1.0	0.0	6.0	3.0	2.0	0.0	4.0	4.0	0.0	0.0	2.0	1.0	0.0	0.0	0.0	0.0	0.0	513
1.0	0.0	1.0	2.0	0.0	2.0	3.0	1.0	1.0	2.0	10.0	1.0	0.0	1.0	1.0	1.0	0.0	1.0	1.0	0.0	514
0.0	0.0	0.0	3.0	1.0	6.0	10.0	2.0	0.0	0.0	10.0	0.0	1.0	0.0	0.0	1.0	1.0	2.0	5.0	1.0	515
0.0	0.0	0.0	1.0	0.0	8.0	4.0	0.0	0.0	3.0	5.0	0.0	0.0	1.0	1.0	0.0	0.0	2.0	0.0	0.0	516
0.0	0.0	0.0	0.0	0.0	2.0	5.0	2.0	0.0	1.0	7.0	0.0	0.0	0.0	1.0	2.0	0.0	5.0	1.0	0.0	517
0.0	0.0	1.0	1.0	0.0	0.0	2.0	3.0	1.0	2.0	7.0	1.0	0.0	5.0	2.0	1.0	0.0	1.0	2.0	1.0	518
0.0	1.0	0.0	2.0	1.0	1.0	2.0	1.0	0.0	2.0	5.0	1.0	1.0	2.0	0.0	2.0	0.0	2.0	2.0	0.0	519
1.0	0.0	1.0	0.0	0.0	0.0	0.0	0.0	1.0	0.0	3.0	0.0	0.0	0.0	0.0	1.0	0.0	1.0	0.0	0.0	520
0.0	0.0	0.0	0.0	0.0	2.0	1.0	3.0	0.0	1.0	4.0	0.0	0.0	4.0	2.0	1.0	0.0	2.0	2.0	0.0	521
0.0	1.0	0.0	0.0	0.0	0.0	0.0	3.0	2.0	0.0	3.0	1.0	0.0	5.0	0.0	1.0	0.0	4.0	1.0	1.0	522
0.0	0.0	0.0	2.0	0.0	0.0	0.0	4.0	0.0	2.0	3.0	0.0	1.0	4.0	3.0	0.0	0.0	2.0	1.0	0.0	523
0.0	0.0	0.0	0.0	0.0	0.0	0.0	7.0	1.0	2.0	5.0	0.0	0.0	4.0	2.0	2.0	1.0	2.0	5.0	0.0	524
0.0	0.0	1.0	4.0	0.0	1.0	1.0	3.0	0.0	0.0	4.0	0.0	0.0	4.0	0.0	2.0	0.0	1.0	1.0	0.0	525
0.0	0.0	0.0	4.0	2.0	0.0	1.0	2.0	2.0	1.0	1.0	0.0	1.0	3.0	0.0	2.0	0.0	0.0	1.0	2.0	526
0.0	0.0	0.0	0.0	0.0	1.0	2.0	6.0	0.0	1.0	5.0	0.0	0.0	8.0	2.0	1.0	0.0	1.0	0.0	0.0	527
1.0	0.0	0.0	0.0	0.0	3.0	1.0	4.0	3.0	0.0	2.0	1.0	0.0	4.0	0.0	1.0	0.0	3.0	1.0	1.0	528
0.0	0.0	2.0	0.0	1.0	1.0	0.0	3.0	0.0	1.0	5.0	0.0	0.0	0.0	2.0	0.0	1.0	3.0	3.0	0.0	529
1.0	0.0	0.0	1.0	0.0	0.0	0.0	5.0	2.0	1.0	3.0	0.0	0.0	2.0	0.0	1.0	0.0	3.0	2.0	1.0	530
0.0	1.0	1.0	0.0	0.0	1.0	0.0	3.0	0.0	2.0	2.0	0.0	0.0	2.0	1.0	1.0	0.0	1.0	1.0	3.0	531
0.0	0.0	2.0	0.0	1.0	1.0	1.0	6.0	0.0	0.0	2.0	0.0	0.0	1.0	2.0	0.0	0.0	3.0	1.0	3.0	532
1.0	0.0	2.0	0.0	0.0	3.0	0.0	1.0	0.0	0.0	2.0	0.0	0.0	1.0	2.0	1.0	0.0	1.0	2.0	0.0	533
0.0	0.0	0.0	1.0	0.0	1.0	1.0	5.0	1.0	1.0	1.0	1.0	0.0	2.0	0.0	2.0	1.0	1.0	3.0	0.0	534
0.0	0.0	1.0	0.0	1.0	1.0	1.0	5.0	2.0	3.0	2.0	0.0	0.0	0.0	2.0	0.0	0.0	1.0	1.0	0.0	535
0.0	0.0	2.0	0.0	0.0	0.0	1.0	4.0	3.0	0.0	4.0	1.0	1.0	0.0	2.0	0.0	1.0	2.0	1.0	1.0	536
0.0	1.0	1.0	0.0	0.0	0.0	1.0	4.0	0.0	1.0	5.0	0.0	0.0	0.0	2.0	0.0	0.0	3.0	4.0	0.0	537
0.0	0.0	0.0	0.0	1.0	0.0	0.0	2.0	0.0	1.0	4.0	0.0	0.0	1.0	0.0	0.0	0.0	1.0	2.0	2.0	538
1.0	0.0	0.0	0.0	1.0	1.0	0.0	1.0	1.0	1.0	2.0	0.0	0.0	0.0	1.0	0.0	1.0	2.0	2.0	0.0	539
0.0	0.0	1.0	0.0	0.0	0.0	3.0	3.0	0.0	1.0	5.0	0.0	0.0	1.0	1.0	1.0	0.0	2.0	1.0	1.0	540
0.0	0.0	0.0	0.0	1.0	1.0	2.0	2.0	1.0	0.0	3.0	2.0	0.0	0.0	5.0	2.0	1.0	2.0	1.0	1.0	541
0.0	0.0	0.0	0.0	0.0	1.0	0.0	4.0	1.0	1.0	2.0	0.0	0.0	1.0	1.0	0.0	0.0	2.0	1.0	1.0	542
1.0	0.0	0.0	1.0	0.0	1.0	0.0	4.0	1.0	0.0	1.0	3.0	0.0	1.0	1.0	2.0	0.0	1.0	0.0	1.0	543
0.0	0.0	0.0	0.0	0.0	2.0	1.0	1.0	2.0	1.0	2.0	1.0	0.0	1.0	2.0	0.0	0.0	1.0	3.0	1.0	544
0.0	1.0	0.0	0.0	0.0	1.0	0.0	4.0	4.0	1.0	1.0	0.0	0.0	0.0	0.0	2.0	0.0	1.0	0.0	0.0	545
0.0	0.0	0.0	1.0	1.0	2.0	1.0	3.0	2.0	0.0	3.0	0.0	0.0	0.0	1.0	2.0	1.0	0.0	0.0	1.0	546
1.0	0.0	0.0	0.0	0.0	2.0	1.0	5.0	3.0	0.0	3.0	2.0	1.0	2.0	2.0	2.0	0.0	0.0	0.0	0.0	547
1.0	0.0	0.0	1.0	1.0	2.0	0.0	1.0	1.0	0.0	1.0	1.0	0.0	0.0	2.0	1.0	0.0	0.0	2.0	1.0	548
0.0	0.0	1.0	0.0	0.0	2.0	0.0	3.0	5.0	0.0	0.0	0.0	0.0	0.0	1.0	0.0	0.0	1.0	0.0	2.0	549
0.0	0.0	0.0	0.0	0.0	1.0	1.0	1.0	2.0	1.0	1.0	0.0	0.0	2.0	2.0	0.0	0.0	1.0	1.0	0.0	550
1.0	0.0	1.0	0.0	0.0	5.0	2.0	1.0	0.0	0.0	1.0	0.0	0.0	2.0	2.0	3.0	0.0	1.0	2.0	0.0	551
1.0	0.0	0.0	0.0	0.0	3.0	4.0	2.0	1.0	2.0	0.0	1.0	1.0	1.0	0.0	2.0	1.0	0.0	1.0	0.0	552
0.0	1.0	1.0	0.0	1.0	2.0	3.0	0.0	0.0	1.0	3.0	0.0	0.0	1.0	2.0	3.0	1.0	0.0	1.0	0.0	553
0.0	0.0	0.0	0.0	0.0	3.0	3.0	0.0	2.0	1.0	1.0	0.0	0.0	2.0	1.0	1.0	0.0	0.0	0.0	1.0	554
0.0	0.0	1.0	0.0	0.0	1.0	0.0	0.0	1.0	1.0	0.0	2.0	0.0	0.0	3.0	5.0	0.0	0.0	0.0	1.0	555
0.0	0.0	1.0	0.0	0.0	4.0	5.0	0.0	0.0	0.0	1.0	0.0	1.0	0.0	0.0	1.0	0.0	0.0	1.0	0.0	556
1.0	0.0	3.0	0.0	2.0	0.0	3.0	1.0	0.0	3.0	1.0	1.0	1.0	2.0	4.0	0.0	0.0	1.0	3.0	0.0	557
0.0	0.0	1.0	0.0	0.0	2.0	2.0	0.0	0.0	1.0	0.0	1.0	0.0	0.0	6.0	0.0	0.0	1.0	1.0	1.0	558
1.0	0.0	3.0	1.0	0.0	1.0	1.0	1.0	1.0	0.0	0.0	1.0	0.0	1.0	5.0	2.0	0.0	0.0	0.0	0.0	559
1.0	0.0	1.0	1.0	1.0	2.0	5.0	0.0	0.0	0.0	0.0	0.0	1.0	2.0	6.0	2.0	0.0	1.0	1.0	2.0	560
0.0	1.0	1.0	0.0	0.0	1.0	4.0	0.0	1.0	0.0	0.0	1.0	0.0	0.0	10.0	6.0	0.0	0.0	1.0	1.0	561
0.0	0.0	1.0	0.0	1.0	2.0	6.0	0.0	0.0	2.0	1.0	0.0	0.0	0.0	5.0	2.0	0.0	1.0	0.0	0.0	562
0.0	0.0	2.0	0.0	1.0	0.0	1.0	1.0	0.0	0.0	1.0	0.0	0.0	1.0	2.0	0.0	2.0	1.0	2.0	2.0	563
0.0	0.0	1.0	1.0	0.0	2.0	2.0	0.0	0.0	0.0	0.0	0.0	2.0	0.0	4.0	4.0	0.0	0.0	0.0	0.0	564
2.0	0.0	0.0	0.0	0.0	1.0	1.0	1.0	1.0	1.0	0.0	0.0	1.0	0.0	9.0	3.0	0.0	0.0	2.0	1.0	565
0.0	0.0	4.0	1.0	0.0	0.0	0.0	0.0	0.0	1.0	1.0	1.0	2.0	0.0	9.0	2.0	0.0	0.0	2.0	3.0	566
0.0	0.0	0.0	0.0	0.0	0.0	0.0	0.0	0.0	1.0	0.0	0.0	1.0	1.0	3.0	1.0	0.0	0.0	1.0	1.0	567
0.0	0.0	11.0	0.0	0.0	0.0	0.0	0.0	1.0	3.0	2.0	0.0	0.0	1.0	5.0	2.0	3.0	0.0	0.0	1.0	568
2.0	0.0	1.0	0.0	3.0	0.0	0.0	0.0	0.0	2.0	0.0	1.0	0.0	1.0	2.0	2.0	0.0	0.0	0.0	0.0	569
1.0	0.0	6.0	0.0	0.0	1.0	0.0	1.0	0.0	1.0	0.0	0.0	0.0	1.0	0.0	2.0	0.0	2.0	0.0	1.0	570
0.0	1.0	3.0	1.0	1.0	0.0	0.0	0.0	0.0	0.0	0.0	0.0	0.0	1.0	2.0	3.0	0.0	0.0	1.0	1.0	571
1.0	0.0	6.0	1.0	1.0	0.0	0.0	1.0	1.0	1.0	1.0	1.0	0.0	0.0	0.0	3.0	0.0	2.0	0.0	2.0	572
0.0	0.0	5.0	2.0	2.0	1.0	0.0	0.0	0.0	0.0	0.0	1.0	1.0	0.0	3.0	5.0	0.0	1.0	1.0	1.0	573
1.0	0.0	1.0	0.0	1.0	0.0	0.0	0.0	0.0	3.0	1.0	0.0	1.0	0.0	2.0	1.0	2.0	0.0	2.0	0.0	574
0.0	0.0	1.0	0.0	0.0	1.0	0.0	1.0	1.0	1.0	0.0	0.0	0.0	0.0	8.0	1.0	1.0	1.0	1.0	0.0	575
0.0	0.0	1.0	0.0	2.0	0.0	0.0	0.0	0.0	0.0	0.0	0.0	1.0	1.0	6.0	0.0	2.0	2.0	0.0	2.0	576
0.0	1.0	0.0	0.0	1.0	0.0	0.0	1.0	0.0	3.0	1.0	0.0	2.0	0.0	3.0	0.0	1.0	1.0	1.0	1.0	577
1.0	0.0	0.0	0.0	1.0	0.0	1.0	0.0	1.0	1.0	0.0	1.0	0.0	0.0	1.0	2.0	2.0	0.0	2.0	1.0	578
0.0	0.0	0.0	0.0	1.0	0.0	0.0	0.0	0.0	1.0	0.0	0.0	0.0	0.0	3.0	1.0	0.0	0.0	0.0	0.0	579
2.0	0.0	1.0	0.0	1.0	0.0	0.0	1.0	0.0	7.0	1.0	0.0	1.0	1.0	1.0	2.0	1.0	2.0	1.0	0.0	580
0.0	0.0	0.0	0.0	0.0	1.0	1.0	1.0	0.0	6.0	2.0	0.0	0.0	0.0	1.0	0.0	1.0	1.0	0.0	0.0	581
0.0	0.0	0.0	1.0	2.0	1.0	0.0	0.0	1.0	3.0	0.0	0.0	0.0	0.0	1.0	1.0	0.0	0.0	0.0	0.0	582
1.0	0.0	2.0	0.0	3.0	0.0	0.0	0.0	0.0	1.0	1.0	1.0	0.0	0.0	0.0	0.0	2.0	2.0	3.0	0.0	583
1.0	0.0	0.0	1.0	0.0	0.0	0.0	0.0	0.0	6.0	1.0	0.0	1.0	1.0	3.0	0.0	1.0	1.0	0.0	1.0	584
0.0	1.0	1.0	1.0	3.0	2.0	1.0	1.0	0.0	3.0	1.0	0.0	0.0	1.0	1.0	0.0	0.0	1.0	2.0	0.0	585
1.0	0.0	1.0	1.0	2.0	0.0	1.0	0.0	0.0	4.0	0.0	0.0	0.0	1.0	0.0	0.0	0.0	2.0	0.0	1.0	586
0.0	0.0	0.0	0.0	1.0	2.0	0.0	0.0	0.0	3.0	0.0	1.0	0.0	0.0	1.0	0.0	2.0	0.0	0.0	2.0	587
0.0	0.0	0.0	0.0	3.0	0.0	0.0	1.0	1.0	4.0	1.0	0.0	2.0	2.0	1.0	1.0	1.0	0.0	1.0	0.0	588
0.0	0.0	1.0	0.0	0.0	1.0	0.0	0.0	0.0	2.0	0.0	0.0	0.0	5.0	3.0	0.0	0.0	2.0	1.0	3.0	589
0.0	0.0	0.0	0.0	0.0	2.0	0.0	0.0	0.0	9.0	0.0	1.0	1.0	0.0	1.0	2.0	0.0	0.0	1.0	1.0	590
0.0	0.0	0.0	0.0	0.0	1.0	0.0	0.0	0.0	2.0	0.0	0.0	1.0	3.0	2.0	2.0	0.0	1.0	0.0	0.0	591
1.0	0.0	0.0	1.0	1.0	1.0	1.0	0.0	0.0	1.0	0.0	0.0	1.0	0.0	0.0	0.0	0.0	0.0	2.0	0.0	592
0.0	2.0	0.0	0.0	1.0	1.0	0.0	0.0	2.0	3.0	1.0	1.0	0.0	2.0	1.0	0.0	2.0	0.0	0.0	5.0	593
3.0	1.0	0.0	0.0	2.0	1.0	0.0	0.0	0.0	1.0	0.0	1.0	0.0	1.0	0.0	0.0	1.0	3.0	0.0	0.0	594
1.0	0.0	2.0	0.0	0.0	0.0	0.0	0.0	0.0	2.0	0.0	0.0	0.0	2.0	1.0	1.0	0.0	0.0	1.0	1.0	595
1.0	0.0	0.0	1.0	1.0	1.0	0.0	1.0	0.0	0.0	0.0	0.0	1.0	1.0	1.0	0.0	0.0	1.0	1.0	2.0	596
1.0	0.0	0.0	1.0	0.0	4.0	0.0	1.0	1.0	0.0	0.0	2.0	0.0	1.0	0.0	1.0	1.0	0.0	1.0	2.0	597
2.0	0.0	0.0	0.0	5.0	1.0	0.0	0.0	4.0	0.0	1.0	0.0	1.0	2.0	1.0	2.0	0.0	0.0	0.0	2.0	598
0.0	0.0	0.0	2.0	4.0	0.0	0.0	0.0	0.0	0.0	0.0	1.0	0.0	1.0	1.0	1.0	0.0	1.0	1.0	2.0	599
0.0	0.0	0.0	2.0	0.0	2.0	0.0	0.0	0.0	0.0	0.0	0.0	1.0	0.0	1.0	4.0	1.0	0.0	1.0	2.0	600
1.0	0.0	1.0	0.0	2.0	2.0	1.0	0.0	1.0	0.0	1.0	1.0	0.0	0.0	0.0	0.0	0.0	1.0	1.0	5.0	601
0.0	1.0	1.0	1.0	0.0	2.0	0.0	0.0	0.0	0.0	0.0	0.0	1.0	0.0	1.0	2.0	0.0	1.0	0.0	7.0	602
0.0	0.0	0.0	0.0	1.0	5.0	0.0	1.0	0.0	1.0	1.0	0.0	0.0	0.0	0.0	1.0	0.0	0.0	0.0	3.0	603
0.0	1.0	1.0	2.0	2.0	7.0	0.0	0.0	0.0	0.0	0.0	1.0	1.0	1.0	0.0	0.0	1.0	2.0	2.0	3.0	604
0.0	0.0	0.0	2.0	2.0	4.0	0.0	0.0	0.0	0.0	1.0	1.0	1.0	1.0	0.0	1.0	2.0	0.0	1.0	4.0	605
2.0	0.0	0.0	2.0	5.0	9.0	0.0	1.0	2.0	0.0	0.0	0.0	0.0	3.0	0.0	2.0	2.0	1.0	0.0	6.0	606
1.0	1.0	0.0	1.0	2.0	2.0	1.0	0.0	2.0	0.0	0.0	0.0	1.0	0.0	1.0	0.0	0.0	1.0	2.0	0.0	607
0.0	0.0	1.0	0.0	0.0	1.0	0.0	1.0	2.0	0.0	0.0	2.0	0.0	0.0	0.0	0.0	0.0	0.0	0.0	0.0	608
0.0	0.0	0.0	0.0	0.0	2.0	0.0	0.0	1.0	0.0	0.0	0.0	1.0	0.0	0.0	0.0	1.0	1.0	1.0	0.0	609
1.0	0.0	0.0	1.0	1.0	1.0	0.0	0.0	1.0	0.0	0.0	0.0	1.0	0.0	1.0	0.0	1.0	1.0	1.0	1.0	610
2.0	1.0	1.0	1.0	0.0	4.0	0.0	0.0	1.0	0.0	0.0	0.0	0.0	0.0	0.0	1.0	1.0	0.0	0.0	0.0	611
2.0	0.0	1.0	0.0	0.0	5.0	0.0	0.0	2.0	0.0	2.0	1.0	0.0	0.0	0.0	0.0	0.0	1.0	2.0	0.0	612
0.0	0.0	1.0	0.0	0.0	1.0	1.0	0.0	1.0	0.0	0.0	2.0	0.0	0.0	0.0	0.0	2.0	3.0	0.0	0.0	613
1.0	0.0	0.0	0.0	0.0	0.0	0.0	1.0	0.0	1.0	1.0	5.0	1.0	1.0	0.0	1.0	0.0	0.0	0.0	0.0	614
1.0	0.0	0.0	0.0	0.0	0.0	0.0	0.0	1.0	0.0	0.0	3.0	0.0	1.0	3.0	0.0	0.0	2.0	2.0	1.0	615
1.0	1.0	1.0	2.0	1.0	1.0	0.0	1.0	2.0	0.0	0.0	0.0	0.0	1.0	0.0	3.0	3.0	4.0	1.0	0.0	616
0.0	0.0	0.0	0.0	0.0	1.0	0.0	0.0	1.0	0.0	2.0	1.0	0.0	0.0	1.0	1.0	5.0	5.0	1.0	0.0	617
0.0	1.0	0.0	0.0	0.0	0.0	0.0	0.0	1.0	0.0	3.0	1.0	0.0	0.0	1.0	0.0	1.0	3.0	1.0	0.0	618
0.0	0.0	0.0	0.0	0.0	1.0	0.0	0.0	0.0	0.0	2.0	2.0	0.0	0.0	0.0	1.0	1.0	2.0	0.0	0.0	619
0.0	0.0	1.0	0.0	1.0	0.0	0.0	0.0	1.0	0.0	1.0	2.0	3.0	0.0	1.0	1.0	2.0	2.0	1.0	0.0	620
1.0	0.0	0.0	0.0	0.0	0.0	1.0	0.0	0.0	0.0	1.0	2.0	0.0	1.0	2.0	0.0	1.0	2.0	1.0	0.0	621
1.0	0.0	0.0	1.0	0.0	1.0	0.0	0.0	3.0	1.0	0.0	1.0	0.0	1.0	1.0	0.0	1.0	0.0	0.0	0.0	622
0.0	0.0	0.0	1.0	1.0	0.0	0.0	0.0	2.0	0.0	2.0	7.0	1.0	0.0	1.0	2.0	4.0	7.0	1.0	1.0	623
1.0	0.0	0.0	0.0	0.0	0.0	0.0	2.0	3.0	0.0	1.0	1.0	1.0	0.0	0.0	0.0	3.0	5.0	2.0	0.0	624
0.0	0.0	0.0	0.0	0.0	0.0	0.0	0.0	2.0	0.0	1.0	3.0	1.0	0.0	0.0	2.0	5.0	3.0	1.0	0.0	625
0.0	2.0	0.0	2.0	0.0	0.0	0.0	0.0	2.0	0.0	3.0	6.0	0.0	0.0	1.0	1.0	3.0	8.0	1.0	0.0	626
0.0	0.0	0.0	0.0	0.0	0.0	0.0	0.0	2.0	0.0	2.0	0.0	2.0	1.0	0.0	4.0	4.0	4.0	2.0	0.0	627
0.0	1.0	0.0	4.0	0.0	0.0	0.0	0.0	3.0	0.0	2.0	1.0	0.0	0.0	0.0	3.0	5.0	1.0	3.0	0.0	628
1.0	0.0	2.0	2.0	0.0	1.0	0.0	1.0	0.0	0.0	3.0	3.0	0.0	0.0	0.0	3.0	2.0	2.0	0.0	1.0	629
0.0	1.0	1.0	1.0	0.0	1.0	0.0	1.0	2.0	0.0	2.0	6.0	1.0	1.0	0.0	3.0	4.0	5.0	1.0	0.0	630
0.0	0.0	0.0	2.0	0.0	0.0	0.0	1.0	1.0	0.0	1.0	3.0	1.0	1.0	0.0	2.0	0.0	6.0	1.0	0.0	631
2.0	0.0	0.0	0.0	0.0	2.0	1.0	0.0	3.0	0.0	0.0	0.0	1.0	1.0	0.0	1.0	0.0	3.0	1.0	0.0	632
0.0	0.0	0.0	2.0	0.0	0.0	0.0	1.0	1.0	0.0	1.0	0.0	0.0	0.0	0.0	1.0	0.0	5.0	0.0	0.0	633
0.0	0.0	1.0	0.0	0.0	0.0	1.0	0.0	1.0	0.0	0.0	0.0	1.0	0.0	1.0	1.0	1.0	2.0	0.0	0.0	634
0.0	0.0	0.0	3.0	0.0	1.0	0.0	0.0	3.0	0.0	4.0	1.0	1.0	0.0	0.0	0.0	0.0	0.0	1.0	0.0	635
0.0	1.0	0.0	4.0	0.0	0.0	0.0	0.0	3.0	1.0	0.0	0.0	0.0	1.0	0.0	2.0	0.0	2.0	2.0	1.0	636
0.0	0.0	0.0	2.0	2.0	1.0	1.0	1.0	3.0	0.0	0.0	0.0	0.0	0.0	0.0	1.0	0.0	2.0	5.0	0.0	637
1.0	0.0	3.0	6.0	0.0	0.0	0.0	0.0	1.0	0.0	1.0	0.0	1.0	0.0	0.0	1.0	2.0	1.0	6.0	0.0	638
0.0	1.0	0.0	2.0	1.0	0.0	0.0	3.0	6.0	0.0	0.0	0.0	1.0	0.0	0.0	0.0	0.0	2.0	3.0	0.0	639
0.0	0.0	0.0	0.0	1.0	2.0	0.0	0.0	0.0	0.0	1.0	0.0	1.0	0.0	0.0	1.0	0.0	2.0	2.0	0.0	640
0.0	1.0	0.0	1.0	0.0	0.0	0.0	0.0	2.0	0.0	0.0	1.0	0.0	0.0	0.0	0.0	1.0	1.0	3.0	0.0	641
0.0	1.0	0.0	3.0	0.0	0.0	1.0	2.0	1.0	0.0	1.0	0.0	0.0	0.0	0.0	0.0	0.0	1.0	4.0	0.0	642
1.0	0.0	1.0	0.0	0.0	0.0	0.0	1.0	0.0	0.0	0.0	0.0	0.0	1.0	1.0	0.0	0.0	3.0	3.0	0.0	643
1.0	0.0	0.0	1.0	0.0	0.0	1.0	0.0	0.0	0.0	0.0	0.0	1.0	1.0	0.0	0.0	2.0	0.0	3.0	1.0	644
0.0	0.0	0.0	1.0	0.0	1.0	1.0	3.0	1.0	0.0	1.0	0.0	1.0	0.0	0.0	0.0	0.0	2.0	6.0	0.0	645
0.0	0.0	0.0	4.0	1.0	0.0	0.0	0.0	0.0	0.0	2.0	0.0	1.0	1.0	0.0	0.0	0.0	0.0	5.0	0.0	646
0.0	1.0	1.0	2.0	1.0	1.0	0.0	1.0	0.0	0.0	2.0	0.0	0.0	0.0	1.0	1.0	0.0	0.0	5.0	1.0	647
1.0	1.0	1.0	1.0	0.0	1.0	0.0	0.0	0.0	0.0	2.0	0.0	0.0	0.0	0.0	1.0	0.0	1.0	4.0	0.0	648
1.0	0.0	1.0	5.0	0.0	0.0	0.0	1.0	1.0	0.0	1.0	1.0	0.0	0.0	0.0	1.0	0.0	1.0	5.0	1.0	649
1.0	0.0	0.0	1.0	0.0	0.0	0.0	1.0	0.0	0.0	0.0	0.0	1.0	0.0	1.0	0.0	1.0	0.0	7.0	0.0	650
0.0	0.0	1.0	0.0	1.0	1.0	0.0	0.0	1.0	0.0	1.0	0.0	3.0	0.0	0.0	1.0	1.0	1.0	6.0	0.0	651
0.0	0.0	0.0	0.0	1.0	0.0	0.0	1.0	1.0	0.0	2.0	0.0	0.0	1.0	0.0	0.0	1.0	0.0	5.0	1.0	652
2.0	0.0	0.0	0.0	0.0	0.0	0.0	0.0	0.0	0.0	3.0	1.0	0.0	0.0	0.0	1.0	1.0	0.0	3.0	0.0	653
0.0	0.0	0.0	0.0	0.0	1.0	0.0	0.0	2.0	1.0	0.0	0.0	1.0	1.0	0.0	0.0	0.0	3.0	4.0	0.0	654
0.0	0.0	0.0	0.0	1.0	0.0	2.0	0.0	1.0	0.0	2.0	0.0	1.0	0.0	0.0	0.0	0.0	1.0	10.0	0.0	655
1.0	1.0	0.0	1.0	0.0	0.0	0.0	1.0	0.0	0.0	1.0	0.0	0.0	0.0	0.0	0.0	0.0	0.0	7.0	0.0	656
0.0	1.0	1.0	0.0	1.0	0.0	1.0	1.0	1.0	0.0	1.0	0.0	0.0	0.0	1.0	1.0	0.0	0.0	6.0	0.0	657
0.0	0.0	0.0	1.0	0.0	0.0	0.0	3.0	1.0	0.0	2.0	3.0	2.0	0.0	0.0	0.0	1.0	1.0	7.0	1.0	658
0.0	0.0	0.0	0.0	0.0	0.0	0.0	0.0	1.0	0.0	1.0	0.0	0.0	1.0	0.0	1.0	0.0	0.0	6.0	1.0	659
0.0	0.0	1.0	1.0	1.0	1.0	1.0	0.0	0.0	0.0	1.0	0.0	1.0	0.0	0.0	0.0	0.0	0.0	2.0	0.0	660
0.0	0.0	0.0	0.0	1.0	0.0	0.0	1.0	1.0	1.0	3.0	1.0	0.0	1.0	0.0	0.0	1.0	0.0	4.0	0.0	661
1.0	0.0	0.0	1.0	1.0	0.0	1.0	1.0	0.0	0.0	0.0	0.0	1.0	0.0	1.0	0.0	0.0	1.0	3.0	0.0	662
0.0	1.0	1.0	0.0	0.0	0.0	0.0	3.0	0.0	0.0	1.0	0.0	2.0	0.0	0.0	0.0	0.0	2.0	1.0	0.0	663
0.0	1.0	0.0	0.0	0.0	0.0	0.0	1.0	1.0	0.0	1.0	0.0	0.0	1.0	0.0	0.0	1.0	0.0	0.0	1.0	664
1.0	0.0	1.0	0.0	1.0	2.0	0.0	1.0	0.0	0.0	3.0	1.0	3.0	0.0	0.0	1.0	0.0	1.0	1.0	0.0	665
0.0	0.0	0.0	0.0	0.0	0.0	0.0	0.0	1.0	0.0	0.0	0.0	0.0	1.0	0.0	1.0	1.0	1.0	1.0	1.0	666
1.0	0.0	1.0	0.0	1.0	0.0	1.0	0.0	1.0	0.0	2.0	0.0	0.0	0.0	0.0	0.0	0.0	1.0	1.0	0.0	667
1.0	1.0	2.0	0.0	0.0	1.0	0.0	0.0	0.0	0.0	2.0	1.0	2.0	1.0	1.0	1.0	0.0	1.0	1.0	1.0	668
0.0	0.0	0.0	1.0	0.0	1.0	0.0	1.0	0.0	0.0	1.0	0.0	1.0	1.0	0.0	0.0	0.0	2.0	2.0	1.0	669
1.0	0.0	1.0	0.0	1.0	0.0	1.0	2.0	0.0	0.0	8.0	0.0	1.0	1.0	0.0	0.0	2.0	0.0	1.0	0.0	670
0.0	2.0	0.0	0.0	0.0	0.0	0.0	1.0	2.0	0.0	16.0	1.0	0.0	1.0	1.0	0.0	0.0	0.0	1.0	0.0	671
0.0	0.0	0.0	0.0	0.0	0.0	0.0	1.0	1.0	0.0	2.0	0.0	0.0	1.0	0.0	1.0	0.0	0.0	1.0	2.0	672
1.0	1.0	0.0	0.0	0.0	0.0	0.0	0.0	0.0	0.0	0.0	1.0	2.0	0.0	0.0	0.0	0.0	0.0	1.0	1.0	673
0.0	0.0	0.0	0.0	0.0	1.0	0.0	0.0	1.0	0.0	0.0	0.0	1.0	1.0	0.0	0.0	0.0	1.0	1.0	1.0	674
0.0	0.0	1.0	0.0	0.0	0.0	0.0	1.0	0.0	0.0	0.0	0.0	0.0	1.0	1.0	0.0	1.0	2.0	2.0	0.0	675
0.0	1.0	1.0	0.0	1.0	0.0	2.0	1.0	0.0	0.0	0.0	1.0	4.0	0.0	0.0	1.0	0.0	0.0	0.0	1.0	676
0.0	0.0	0.0	1.0	1.0	0.0	0.0	0.0	1.0	0.0	1.0	1.0	0.0	3.0	0.0	2.0	0.0	2.0	0.0	0.0	677
1.0	1.0	0.0	0.0	0.0	0.0	0.0	1.0	0.0	0.0	0.0	0.0	1.0	1.0	0.0	0.0	0.0	0.0	0.0	0.0	678
0.0	0.0	1.0	0.0	0.0	0.0	1.0	2.0	0.0	0.0	0.0	0.0	1.0	0.0	0.0	1.0	0.0	1.0	0.0	0.0	679
0.0	0.0	1.0	0.0	0.0	3.0	0.0	1.0	0.0	0.0	0.0	0.0	1.0	0.0	0.0	0.0	0.0	0.0	0.0	0.0	680
0.0	0.0	0.0	1.0	0.0	0.0	0.0	3.0	0.0	0.0	0.0	1.0	0.0	0.0	1.0	0.0	1.0	2.0	0.0	1.0	681
0.0	0.0	0.0	0.0	1.0	0.0	0.0	1.0	0.0	1.0	0.0	1.0	0.0	0.0	1.0	1.0	1.0	1.0	0.0	0.0	682
0.0	0.0	0.0	0.0	0.0	1.0	0.0	2.0	2.0	0.0	0.0	0.0	0.0	0.0	0.0	0.0	0.0	1.0	0.0	1.0	683
2.0	0.0	1.0	1.0	0.0	0.0	0.0	4.0	0.0	1.0	0.0	0.0	1.0	0.0	0.0	0.0	0.0	1.0	0.0	0.0	684
1.0	1.0	0.0	1.0	0.0	0.0	0.0	1.0	1.0	0.0	0.0	0.0	4.0	2.0	0.0	0.0	0.0	0.0	0.0	0.0	685
1.0	0.0	0.0	0.0	1.0	1.0	1.0	2.0	0.0	0.0	1.0	0.0	3.0	1.0	0.0	0.0	0.0	0.0	0.0	0.0	686
0.0	1.0	1.0	0.0	1.0	0.0	0.0	7.0	0.0	0.0	0.0	1.0	2.0	1.0	1.0	1.0	0.0	0.0	0.0	1.0	687
0.0	1.0	0.0	0.0	0.0	0.0	0.0	10.0	0.0	0.0	0.0	1.0	0.0	1.0	0.0	0.0	1.0	2.0	0.0	0.0	688
1.0	0.0	0.0	0.0	0.0	0.0	0.0	3.0	0.0	0.0	0.0	0.0	0.0	1.0	0.0	0.0	0.0	0.0	0.0	1.0	689
1.0	0.0	0.0	0.0	0.0	1.0	0.0	3.0	0.0	0.0	0.0	0.0	2.0	2.0	0.0	0.0	1.0	1.0	0.0	0.0	690
0.0	1.0	0.0	0.0	1.0	0.0	0.0	2.0	0.0	0.0	0.0	1.0	2.0	1.0	0.0	1.0	1.0	2.0	0.0	0.0	691
1.0	0.0	0.0	0.0	1.0	0.0	0.0	2.0	3.0	0.0	0.0	0.0	4.0	0.0	0.0	1.0	0.0	0.0	0.0	0.0	692
0.0	0.0	0.0	0.0	0.0	0.0	1.0	0.0	1.0	0.0	0.0	1.0	1.0	1.0	1.0	1.0	0.0	1.0	0.0	1.0	693
0.0	1.0	0.0	0.0	0.0	0.0	0.0	0.0	0.0	0.0	0.0	0.0	1.0	0.0	0.0	1.0	0.0	1.0	0.0	0.0	694
0.0	0.0	0.0	0.0	0.0	0.0	0.0	0.0	0.0	0.0	0.0	0.0	1.0	1.0	0.0	0.0	1.0	0.0	0.0	0.0	695
0.0	0.0	0.0	0.0	0.0	0.0	0.0	0.0	1.0	0.0	0.0	1.0	2.0	2.0	0.0	0.0	0.0	3.0	0.0	0.0	696
1.0	0.0	1.0	1.0	0.0	0.0	0.0	1.0	1.0	1.0	1.0	0.0	0.0	0.0	0.0	0.0	1.0	2.0	0.0	0.0	697
0.0	0.0	1.0	0.0	1.0	0.0	0.0	1.0	1.0	0.0	0.0	1.0	1.0	1.0	3.0	0.0	0.0	1.0	0.0	1.0	698
0.0	0.0	0.0	0.0	0.0	1.0	0.0	0.0	0.0	0.0	1.0	0.0	0.0	2.0	0.0	1.0	0.0	3.0	0.0	0.0	699
0.0	0.0	0.0	0.0	1.0	0.0	0.0	1.0	0.0	0.0	0.0	0.0	0.0	0.0	0.0	2.0	1.0	5.0	0.0	0.0	700
2.0	0.0	0.0	0.0	1.0	0.0	0.0	0.0	0.0	0.0	0.0	0.0	1.0	1.0	2.0	0.0	0.0	2.0	0.0	1.0	701
0.0	0.0	0.0	1.0	0.0	1.0	1.0	0.0	1.0	0.0	0.0	0.0	0.0	1.0	2.0	0.0	0.0	2.0	0.0	0.0	702
0.0	1.0	0.0	0.0	1.0	1.0	0.0	0.0	1.0	0.0	0.0	0.0	2.0	1.0	0.0	1.0	1.0	1.0	0.0	1.0	703
0.0	0.0	1.0	0.0	0.0	1.0	0.0	0.0	0.0	0.0	0.0	1.0	3.0	3.0	0.0	0.0	0.0	2.0	0.0	0.0	704
0.0	1.0	0.0	0.0	0.0	0.0	0.0	2.0	0.0	0.0	0.0	1.0	2.0	4.0	0.0	2.0	0.0	1.0	1.0	0.0	705
0.0	0.0	0.0	0.0	1.0	1.0	0.0	1.0	1.0	1.0	1.0	0.0	3.0	3.0	0.0	0.0	0.0	1.0	0.0	0.0	706
1.0	0.0	0.0	0.0	1.0	0.0	1.0	0.0	0.0	0.0	0.0	0.0	3.0	4.0	0.0	1.0	0.0	2.0	0.0	0.0	707
0.0	0.0	0.0	1.0	0.0	0.0	0.0	0.0	0.0	0.0	0.0	1.0	4.0	2.0	2.0	1.0	0.0	2.0	0.0	1.0	708
1.0	1.0	2.0	1.0	0.0	0.0	0.0	0.0	0.0	0.0	1.0	1.0	2.0	2.0	0.0	1.0	1.0	1.0	0.0	0.0	709
0.0	0.0	0.0	0.0	0.0	2.0	0.0	0.0	1.0	0.0	0.0	0.0	1.0	3.0	1.0	1.0	1.0	4.0	0.0	2.0	710
0.0	0.0	0.0	0.0	1.0	1.0	1.0	1.0	0.0	1.0	1.0	0.0	4.0	4.0	1.0	1.0	0.0	3.0	0.0	0.0	711
0.0	1.0	1.0	0.0	0.0	0.0	0.0	1.0	0.0	0.0	0.0	1.0	1.0	2.0	0.0	0.0	0.0	3.0	0.0	0.0	712
1.0	0.0	0.0	0.0	1.0	0.0	0.0	0.0	1.0	0.0	0.0	0.0	2.0	1.0	0.0	0.0	0.0	2.0	0.0	1.0	713
1.0	0.0	1.0	0.0	0.0	0.0	0.0	1.0	0.0	0.0	0.0	1.0	3.0	0.0	1.0	2.0	0.0	1.0	0.0	0.0	714
0.0	1.0	1.0	0.0	1.0	0.0	0.0	0.0	0.0	0.0	1.0	0.0	6.0	0.0	0.0	0.0	1.0	0.0	0.0	0.0	715
0.0	0.0	0.0	1.0	1.0	1.0	1.0	0.0	1.0	0.0	0.0	0.0	2.0	0.0	0.0	1.0	0.0	2.0	0.0	1.0	716
0.0	0.0	0.0	0.0	2.0	0.0	0.0	0.0	0.0	0.0	0.0	0.0	1.0	1.0	0.0	1.0	1.0	3.0	0.0	0.0	717
1.0	0.0	0.0	1.0	1.0	0.0	0.0	0.0	0.0	0.0	1.0	1.0	6.0	1.0	1.0	0.0	1.0	0.0	0.0	0.0	718
1.0	1.0	1.0	0.0	0.0	0.0	0.0	1.0	1.0	0.0	0.0	1.0	4.0	0.0	0.0	0.0	0.0	0.0	0.0	0.0	719
1.0	0.0	1.0	0.0	0.0	1.0	0.0	1.0	0.0	0.0	0.0	1.0	3.0	1.0	1.0	2.0	1.0	1.0	0.0	0.0	720
1.0	1.0	0.0	0.0	0.0	1.0	0.0	0.0	0.0	0.0	0.0	1.0	3.0	0.0	0.0	0.0	0.0	0.0	0.0	1.0	721
0.0	1.0	0.0	0.0	1.0	2.0	0.0	2.0	0.0	0.0	0.0	0.0	0.0	1.0	0.0	1.0	1.0	1.0	0.0	0.0	722
1.0	1.0	0.0	1.0	1.0	0.0	0.0	0.0	1.0	1.0	0.0	0.0	1.0	0.0	1.0	1.0	1.0	1.0	0.0	1.0	723
1.0	1.0	0.0	0.0	0.0	0.0	0.0	0.0	0.0	0.0	0.0	0.0	0.0	0.0	0.0	1.0	0.0	1.0	0.0	0.0	724
2.0	0.0	0.0	0.0	0.0	0.0	0.0	0.0	0.0	0.0	0.0	0.0	1.0	0.0	1.0	1.0	0.0	0.0	0.0	0.0	725
1.0	0.0	1.0	0.0	0.0	1.0	0.0	1.0	2.0	0.0	0.0	1.0	0.0	0.0	0.0	0.0	0.0	0.0	0.0	0.0	726
0.0	0.0	0.0	0.0	0.0	0.0	0.0	0.0	0.0	0.0	0.0	0.0	2.0	0.0	1.0	1.0	0.0	0.0	0.0	1.0	727
1.0	0.0	0.0	0.0	1.0	0.0	1.0	0.0	2.0	0.0	1.0	1.0	1.0	0.0	0.0	1.0	2.0	1.0	0.0	0.0	728
1.0	0.0	1.0	0.0	0.0	0.0	0.0	0.0	0.0	1.0	0.0	0.0	1.0	0.0	1.0	3.0	0.0	0.0	0.0	1.0	729
1.0	1.0	0.0	1.0	1.0	0.0	1.0	0.0	0.0	0.0	1.0	1.0	2.0	2.0	1.0	0.0	0.0	1.0	0.0	0.0	730
0.0	0.0	0.0	0.0	0.0	1.0	0.0	1.0	0.0	0.0	0.0	0.0	1.0	1.0	0.0	2.0	0.0	0.0	0.0	0.0	731
0.0	1.0	0.0	0.0	1.0	0.0	0.0	0.0	1.0	0.0	0.0	0.0	0.0	0.0	0.0	4.0	1.0	0.0	0.0	1.0	732
0.0	0.0	1.0	0.0	1.0	0.0	0.0	0.0	1.0	0.0	0.0	0.0	1.0	0.0	0.0	2.0	0.0	0.0	0.0	0.0	733
0.0	2.0	1.0	0.0	1.0	2.0	0.0	0.0	0.0	0.0	0.0	0.0	1.0	1.0	0.0	1.0	0.0	0.0	0.0	1.0	734
2.0	0.0	0.0	0.0	1.0	0.0	0.0	0.0	1.0	0.0	0.0	1.0	1.0	1.0	0.0	5.0	1.0	0.0	0.0	0.0	735
0.0	0.0	1.0	1.0	0.0	2.0	0.0	1.0	1.0	0.0	0.0	0.0	0.0	1.0	0.0	1.0	0.0	0.0	0.0	0.0	736
2.0	0.0	0.0	0.0	0.0	0.0	0.0	0.0	0.0	0.0	0.0	2.0	3.0	0.0	1.0	3.0	0.0	0.0	0.0	0.0	737
1.0	0.0	0.0	0.0	0.0	1.0	0.0	1.0	0.0	1.0	1.0	0.0	1.0	2.0	0.0	4.0	0.0	0.0	0.0	0.0	738
1.0	0.0	1.0	0.0	1.0	0.0	0.0	0.0	1.0	1.0	0.0	0.0	1.0	0.0	0.0	6.0	1.0	2.0	0.0	2.0	739
0.0	0.0	1.0	0.0	1.0	0.0	0.0	0.0	1.0	0.0	1.0	0.0	1.0	0.0	1.0	2.0	0.0	1.0	0.0	1.0	740
1.0	0.0	0.0	1.0	0.0	1.0	1.0	1.0	0.0	0.0	1.0	0.0	1.0	0.0	0.0	4.0	1.0	0.0	0.0	0.0	741
0.0	1.0	1.0	0.0	1.0	1.0	0.0	0.0	0.0	0.0	0.0	1.0	3.0	0.0	0.0	4.0	0.0	0.0	0.0	1.0	742
1.0	2.0	0.0	0.0	0.0	0.0	0.0	0.0	0.0	0.0	1.0	1.0	3.0	0.0	0.0	5.0	2.0	0.0	0.0	0.0	743
0.0	0.0	1.0	0.0	1.0	1.0	0.0	0.0	0.0	0.0	0.0	1.0	1.0	1.0	0.0	1.0	0.0	0.0	1.0	0.0	744
0.0	0.0	0.0	1.0	0.0	1.0	0.0	1.0	3.0	0.0	2.0	1.0	6.0	0.0	0.0	3.0	0.0	0.0	0.0	1.0	745
0.0	1.0	1.0	0.0	1.0	0.0	0.0	0.0	0.0	0.0	1.0	0.0	2.0	0.0	0.0	5.0	0.0	1.0	0.0	0.0	746
0.0	0.0	0.0	1.0	1.0	1.0	0.0	1.0	0.0	1.0	1.0	0.0	1.0	0.0	3.0	2.0	0.0	0.0	0.0	0.0	747
0.0	0.0	0.0	1.0	1.0	1.0	2.0	0.0	1.0	1.0	0.0	1.0	1.0	0.0	0.0	3.0	1.0	1.0	0.0	0.0	748
0.0	0.0	0.0	0.0	0.0	0.0	0.0	0.0	0.0	1.0	0.0	1.0	0.0	0.0	0.0	0.0	0.0	1.0	0.0	0.0	749
0.0	1.0	0.0	0.0	0.0	1.0	0.0	0.0	0.0	1.0	1.0	0.0	3.0	0.0	0.0	3.0	0.0	0.0	0.0	0.0	750
2.0	0.0	1.0	0.0	2.0	0.0	0.0	0.0	0.0	1.0	0.0	0.0	5.0	0.0	0.0	2.0	0.0	0.0	0.0	3.0	751
0.0	1.0	2.0	0.0	0.0	1.0	1.0	0.0	2.0	0.0	1.0	0.0	2.0	0.0	1.0	7.0	2.0	0.0	0.0	0.0	752
1.0	0.0	1.0	0.0	1.0	0.0	0.0	2.0	0.0	0.0	1.0	0.0	2.0	2.0	0.0	3.0	1.0	0.0	0.0	1.0	753
2.0	0.0	0.0	0.0	1.0	1.0	0.0	0.0	1.0	0.0	2.0	0.0	3.0	0.0	2.0	3.0	0.0	0.0	0.0	2.0	754
0.0	0.0	0.0	1.0	0.0	1.0	0.0	0.0	2.0	0.0	0.0	0.0	0.0	0.0	1.0	3.0	0.0	0.0	0.0	0.0	755
0.0	0.0	0.0	0.0	0.0	2.0	0.0	0.0	1.0	0.0	0.0	1.0	4.0	0.0	0.0	1.0	0.0	0.0	0.0	0.0	756
0.0	1.0	0.0	0.0	0.0	1.0	0.0	0.0	0.0	0.0	1.0	0.0	1.0	0.0	0.0	3.0	1.0	1.0	0.0	1.0	757
0.0	0.0	0.0	0.0	1.0	1.0	1.0	0.0	1.0	0.0	0.0	2.0	1.0	1.0	0.0	0.0	0.0	0.0	0.0	0.0	758
0.0	1.0	1.0	0.0	1.0	1.0	0.0	0.0	1.0	0.0	0.0	1.0	2.0	0.0	1.0	2.0	1.0	0.0	1.0	1.0	759
0.0	0.0	1.0	0.0	1.0	0.0	0.0	0.0	1.0	0.0	0.0	0.0	3.0	0.0	1.0	2.0	0.0	2.0	0.0	0.0	760
1.0	0.0	0.0	0.0	0.0	3.0	0.0	0.0	1.0	0.0	0.0	0.0	3.0	1.0	0.0	2.0	0.0	1.0	0.0	0.0	761
0.0	0.0	0.0	1.0	0.0	0.0	0.0	1.0	0.0	0.0	1.0	0.0	2.0	0.0	0.0	0.0	0.0	0.0	1.0	0.0	762
1.0	1.0	0.0	0.0	0.0	1.0	1.0	0.0	0.0	0.0	0.0	1.0	1.0	1.0	0.0	3.0	0.0	0.0	0.0	0.0	763
0.0	0.0	0.0	0.0	0.0	0.0	0.0	0.0	0.0	0.0	0.0	1.0	3.0	0.0	1.0	1.0	0.0	1.0	0.0	0.0	764
1.0	0.0	0.0	1.0	1.0	0.0	0.0	0.0	0.0	0.0	0.0	0.0	0.0	2.0	0.0	1.0	0.0	0.0	0.0	0.0	765
0.0	1.0	0.0	0.0	0.0	0.0	1.0	0.0	5.0	0.0	1.0	0.0	5.0	0.0	1.0	3.0	1.0	1.0	0.0	0.0	766
1.0	0.0	1.0	0.0	0.0	0.0	0.0	1.0	1.0	0.0	0.0	0.0	3.0	1.0	2.0	1.0	2.0	0.0	0.0	1.0	767
2.0	1.0	1.0	0.0	1.0	0.0	0.0	0.0	3.0	0.0	0.0	0.0	2.0	1.0	0.0	3.0	0.0	0.0	0.0	1.0	768
0.0	0.0	1.0	0.0	0.0	0.0	0.0	0.0	0.0	0.0	1.0	0.0	4.0	0.0	2.0	1.0	0.0	0.0	0.0	0.0	769
0.0	0.0	0.0	1.0	0.0	0.0	0.0	0.0	2.0	0.0	0.0	1.0	4.0	0.0	2.0	1.0	0.0	2.0	0.0	0.0	770
0.0	0.0	0.0	0.0	1.0	0.0	0.0	1.0	1.0	0.0	0.0	0.0	3.0	0.0	1.0	1.0	0.0	0.0	0.0	0.0	771
0.0	1.0	1.0	0.0	2.0	0.0	0.0	1.0	0.0	0.0	0.0	0.0	2.0	0.0	1.0	1.0	1.0	0.0	0.0	1.0	772
1.0	1.0	0.0	1.0	4.0	1.0	1.0	0.0	0.0	0.0	1.0	1.0	1.0	1.0	1.0	0.0	0.0	0.0	0.0	1.0	773
0.0	0.0	1.0	0.0	2.0	0.0	0.0	1.0	1.0	1.0	0.0	0.0	0.0	0.0	2.0	0.0	0.0	1.0	0.0	0.0	774
0.0	0.0	0.0	0.0	5.0	1.0	0.0	1.0	1.0	0.0	0.0	1.0	0.0	0.0	1.0	0.0	1.0	1.0	0.0	0.0	775
0.0	1.0	3.0	0.0	6.0	0.0	0.0	0.0	0.0	0.0	1.0	1.0	0.0	1.0	0.0	0.0	0.0	0.0	1.0	1.0	776
1.0	0.0	0.0	2.0	6.0	0.0	0.0	0.0	1.0	0.0	0.0	0.0	0.0	0.0	1.0	0.0	0.0	0.0	0.0	0.0	777
1.0	1.0	1.0	0.0	4.0	0.0	1.0	0.0	0.0	0.0	0.0	1.0	1.0	0.0	0.0	0.0	1.0	2.0	0.0	1.0	778
0.0	0.0	0.0	0.0	3.0	2.0	0.0	1.0	2.0	0.0	0.0	0.0	0.0	2.0	0.0	0.0	0.0	0.0	0.0	1.0	779
1.0	1.0	0.0	0.0	3.0	0.0	0.0	0.0	0.0	0.0	0.0	0.0	0.0	1.0	2.0	0.0	0.0	2.0	0.0	0.0	780
0.0	0.0	1.0	0.0	6.0	0.0	0.0	1.0	0.0	0.0	0.0	0.0	1.0	0.0	1.0	0.0	0.0	1.0	1.0	0.0	781
0.0	1.0	0.0	0.0	1.0	0.0	1.0	0.0	0.0	0.0	1.0	1.0	0.0	0.0	0.0	1.0	0.0	0.0	0.0	1.0	782
2.0	0.0	0.0	0.0	7.0	0.0	0.0	0.0	1.0	0.0	0.0	1.0	0.0	2.0	0.0	0.0	0.0	2.0	0.0	0.0	783
0.0	0.0	2.0	0.0	2.0	1.0	1.0	0.0	1.0	0.0	0.0	0.0	0.0	1.0	1.0	0.0	1.0	1.0	0.0	0.0	784
0.0	0.0	1.0	0.0	3.0	1.0	0.0	0.0	0.0	0.0	0.0	0.0	0.0	0.0	0.0	0.0	0.0	0.0	0.0	1.0	785
0.0	0.0	0.0	0.0	1.0	0.0	0.0	1.0	0.0	0.0	0.0	0.0	0.0	0.0	0.0	0.0	1.0	0.0	0.0	0.0	786
2.0	1.0	0.0	0.0	7.0	1.0	0.0	0.0	0.0	0.0	0.0	1.0	0.0	0.0	1.0	0.0	0.0	1.0	0.0	0.0	787
0.0	1.0	1.0	0.0	4.0	1.0	0.0	0.0	1.0	0.0	0.0	0.0	0.0	1.0	0.0	0.0	0.0	2.0	0.0	2.0	788
0.0	1.0	0.0	1.0	1.0	0.0	0.0	1.0	2.0	0.0	0.0	1.0	0.0	0.0	1.0	0.0	0.0	1.0	0.0	0.0	789
0.0	0.0	2.0	0.0	1.0	0.0	0.0	1.0	0.0	0.0	0.0	0.0	0.0	1.0	0.0	0.0	0.0	1.0	0.0	0.0	790
1.0	2.0	1.0	0.0	5.0	0.0	0.0	0.0	1.0	0.0	0.0	1.0	0.0	0.0	0.0	1.0	0.0	1.0	0.0	0.0	791
1.0	1.0	0.0	0.0	0.0	2.0	0.0	0.0	0.0	0.0	0.0	0.0	0.0	0.0	2.0	0.0	0.0	0.0	0.0	1.0	792
1.0	1.0	0.0	0.0	3.0	0.0	0.0	0.0	2.0	0.0	1.0	1.0	0.0	1.0	0.0	0.0	0.0	0.0	0.0	1.0	793
1.0	0.0	1.0	0.0	3.0	0.0	1.0	0.0	0.0	0.0	1.0	0.0	0.0	0.0	1.0	1.0	2.0	0.0	0.0	0.0	794
1.0	0.0	1.0	0.0	1.0	1.0	0.0	1.0	0.0	0.0	0.0	0.0	0.0	0.0	0.0	0.0	0.0	1.0	0.0	0.0	795
1.0	0.0	0.0	0.0	5.0	0.0	0.0	1.0	1.0	0.0	0.0	0.0	0.0	0.0	0.0	0.0	1.0	0.0	0.0	1.0	796
0.0	2.0	0.0	0.0	2.0	1.0	0.0	0.0	1.0	0.0	0.0	0.0	1.0	0.0	0.0	0.0	0.0	1.0	0.0	0.0	797
1.0	0.0	1.0	0.0	3.0	0.0	0.0	0.0	2.0	0.0	0.0	2.0	0.0	0.0	2.0	1.0	0.0	0.0	0.0	1.0	798
0.0	0.0	1.0	0.0	1.0	0.0	0.0	0.0	0.0	1.0	1.0	1.0	0.0	0.0	0.0	0.0	0.0	0.0	0.0	0.0	799
0.0	0.0	0.0	1.0	3.0	2.0	0.0	0.0	2.0	0.0	0.0	0.0	0.0	0.0	1.0	0.0	0.0	2.0	0.0	0.0	800
1.0	1.0	0.0	0.0	2.0	1.0	0.0	1.0	1.0	0.0	0.0	0.0	0.0	0.0	0.0	0.0	1.0	0.0	0.0	2.0	801
1.0	0.0	0.0	0.0	1.0	1.0	0.0	1.0	0.0	0.0	0.0	1.0	0.0	1.0	0.0	1.0	1.0	1.0	0.0	0.0	802
0.0	0.0	0.0	0.0	4.0	0.0	0.0	0.0	1.0	0.0	0.0	0.0	0.0	0.0	0.0	0.0	1.0	0.0	0.0	1.0	803
0.0	0.0	0.0	0.0	1.0	1.0	1.0	1.0	1.0	0.0	0.0	0.0	0.0	0.0	1.0	0.0	1.0	0.0	0.0	2.0	804
2.0	1.0	1.0	0.0	2.0	0.0	0.0	1.0	1.0	0.0	0.0	0.0	0.0	0.0	1.0	0.0	1.0	0.0	0.0	0.0	805
1.0	1.0	1.0	0.0	0.0	0.0	0.0	0.0	1.0	0.0	2.0	1.0	0.0	0.0	0.0	0.0	0.0	1.0	0.0	0.0	806
0.0	0.0	0.0	1.0	1.0	0.0	0.0	0.0	5.0	0.0	0.0	1.0	0.0	1.0	0.0	2.0	0.0	1.0	0.0	1.0	807
0.0	1.0	1.0	0.0	2.0	1.0	0.0	1.0	0.0	0.0	1.0	0.0	0.0	0.0	0.0	0.0	0.0	1.0	0.0	0.0	808
1.0	0.0	0.0	0.0	2.0	2.0	0.0	0.0	3.0	0.0	0.0	0.0	0.0	1.0	0.0	0.0	1.0	0.0	0.0	1.0	809
3.0	0.0	0.0	0.0	0.0	0.0	0.0	1.0	1.0	0.0	0.0	0.0	0.0	0.0	1.0	1.0	0.0	0.0	0.0	1.0	810
0.0	0.0	1.0	1.0	0.0	0.0	0.0	0.0	2.0	1.0	0.0	0.0	0.0	0.0	2.0	0.0	1.0	1.0	1.0	0.0	811
1.0	0.0	2.0	0.0	0.0	0.0	1.0	1.0	1.0	0.0	1.0	0.0	0.0	0.0	0.0	0.0	0.0	0.0	0.0	1.0	812
3.0	0.0	0.0	0.0	1.0	0.0	0.0	0.0	5.0	0.0	0.0	0.0	0.0	2.0	1.0	0.0	1.0	0.0	0.0	1.0	813
2.0	1.0	0.0	0.0	1.0	0.0	0.0	1.0	2.0	0.0	1.0	1.0	0.0	0.0	0.0	0.0	0.0	1.0	0.0	0.0	814
1.0	1.0	0.0	0.0	1.0	0.0	0.0	0.0	3.0	0.0	0.0	2.0	0.0	0.0	0.0	0.0	0.0	1.0	0.0	1.0	815
0.0	1.0	1.0	0.0	1.0	0.0	0.0	1.0	6.0	0.0	0.0	0.0	1.0	1.0	1.0	0.0	0.0	0.0	0.0	0.0	816
3.0	0.0	0.0	1.0	2.0	2.0	0.0	0.0	2.0	0.0	0.0	0.0	0.0	1.0	0.0	0.0	0.0	0.0	0.0	1.0	817
2.0	0.0	0.0	0.0	1.0	0.0	0.0	0.0	5.0	0.0	0.0	0.0	0.0	0.0	0.0	1.0	1.0	0.0	0.0	2.0	818
3.0	0.0	0.0	0.0	0.0	1.0	0.0	1.0	2.0	1.0	1.0	1.0	0.0	0.0	1.0	0.0	0.0	0.0	0.0	0.0	819
2.0	1.0	1.0	0.0	0.0	0.0	0.0	0.0	0.0	0.0	0.0	0.0	0.0	0.0	2.0	1.0	1.0	1.0	0.0	0.0	820
1.0	0.0	0.0	1.0	0.0	1.0	2.0	0.0	2.0	1.0	0.0	0.0	0.0	1.0	0.0	0.0	1.0	2.0	0.0	1.0	821
3.0	2.0	0.0	0.0	0.0	0.0	0.0	1.0	4.0	0.0	0.0	1.0	0.0	0.0	0.0	0.0	0.0	1.0	0.0	1.0	822
1.0	0.0	0.0	0.0	0.0	1.0	0.0	0.0	1.0	0.0	0.0	1.0	0.0	0.0	1.0	0.0	0.0	1.0	0.0	0.0	823
2.0	1.0	1.0	0.0	0.0	2.0	0.0	1.0	2.0	0.0	0.0	0.0	0.0	0.0	1.0	0.0	0.0	0.0	0.0	1.0	824
1.0	0.0	0.0	2.0	0.0	1.0	1.0	0.0	3.0	0.0	0.0	1.0	0.0	1.0	1.0	0.0	0.0	0.0	0.0	0.0	825
1.0	0.0	1.0	0.0	0.0	0.0	0.0	0.0	1.0	0.0	0.0	1.0	0.0	1.0	1.0	0.0	2.0	2.0	0.0	1.0	826
4.0	0.0	0.0	0.0	0.0	0.0	0.0	2.0	2.0	1.0	0.0	0.0	0.0	0.0	3.0	0.0	0.0	1.0	0.0	0.0	827
2.0	0.0	1.0	1.0	0.0	1.0	0.0	0.0	3.0	0.0	1.0	2.0	0.0	0.0	1.0	0.0	0.0	2.0	0.0	2.0	828
6.0	1.0	0.0	0.0	0.0	1.0	0.0	1.0	1.0	0.0	1.0	0.0	0.0	0.0	1.0	0.0	1.0	1.0	0.0	0.0	829
3.0	0.0	0.0	0.0	0.0	0.0	0.0	0.0	1.0	1.0	0.0	1.0	0.0	1.0	0.0	0.0	1.0	1.0	0.0	0.0	830
3.0	0.0	0.0	0.0	1.0	1.0	0.0	0.0	5.0	0.0	0.0	1.0	0.0	1.0	1.0	0.0	0.0	2.0	0.0	1.0	831
2.0	1.0	0.0	0.0	0.0	0.0	0.0	1.0	2.0	0.0	2.0	2.0	0.0	0.0	0.0	2.0	2.0	1.0	0.0	0.0	832
2.0	1.0	0.0	0.0	0.0	0.0	0.0	1.0	2.0	0.0	0.0	1.0	0.0	1.0	0.0	1.0	0.0	0.0	0.0	0.0	833
4.0	0.0	0.0	0.0	0.0	2.0	1.0	0.0	0.0	0.0	0.0	2.0	0.0	0.0	1.0	0.0	1.0	0.0	0.0	2.0	834
2.0	0.0	0.0	0.0	0.0	1.0	0.0	1.0	2.0	0.0	1.0	2.0	0.0	1.0	0.0	0.0	0.0	0.0	0.0	0.0	835
0.0	0.0	0.0	1.0	0.0	0.0	0.0	1.0	0.0	0.0	0.0	3.0	0.0	0.0	1.0	0.0	2.0	2.0	0.0	0.0	836
0.0	0.0	2.0	0.0	0.0	0.0	0.0	0.0	0.0	0.0	0.0	1.0	0.0	1.0	1.0	0.0	0.0	0.0	0.0	0.0	837
0.0	0.0	0.0	0.0	0.0	0.0	0.0	0.0	0.0	0.0	1.0	2.0	0.0	1.0	1.0	0.0	1.0	2.0	0.0	0.0	838
0.0	1.0	0.0	0.0	0.0	0.0	0.0	0.0	0.0	1.0	2.0	0.0	1.0	0.0	0.0	1.0	0.0	0.0	1.0	0.0	839
1.0	0.0	1.0	0.0	0.0	0.0	0.0	1.0	0.0	0.0	0.0	2.0	2.0	0.0	0.0	1.0	0.0	0.0	0.0	0.0	840
0.0	1.0	0.0	0.0	0.0	1.0	0.0	0.0	0.0	0.0	0.0	1.0	1.0	0.0	3.0	0.0	0.0	1.0	0.0	0.0	841
2.0	1.0	0.0	0.0	0.0	1.0	0.0	1.0	1.0	0.0	1.0	0.0	0.0	0.0	0.0	1.0	0.0	1.0	0.0	0.0	842
0.0	0.0	2.0	0.0	0.0	0.0	1.0	0.0	0.0	0.0	2.0	1.0	0.0	1.0	1.0	0.0	1.0	0.0	1.0	0.0	843
3.0	0.0	0.0	1.0	0.0	0.0	1.0	0.0	1.0	0.0	0.0	0.0	0.0	0.0	2.0	0.0	0.0	4.0	0.0	1.0	844
2.0	0.0	0.0	1.0	1.0	0.0	1.0	2.0	0.0	0.0	0.0	0.0	0.0	0.0	1.0	0.0	0.0	3.0	0.0	1.0	845
1.0	2.0	1.0	1.0	0.0	1.0	0.0	0.0	0.0	1.0	0.0	0.0	1.0	0.0	3.0	0.0	3.0	3.0	0.0	0.0	846
4.0	0.0	2.0	0.0	0.0	2.0	0.0	0.0	1.0	0.0	1.0	1.0	0.0	1.0	3.0	0.0	1.0	7.0	0.0	1.0	847
0.0	0.0	0.0	0.0	0.0	0.0	0.0	0.0	0.0	0.0	0.0	0.0	0.0	1.0	5.0	0.0	0.0	8.0	0.0	1.0	848
1.0	1.0	0.0	1.0	0.0	0.0	1.0	0.0	0.0	0.0	0.0	0.0	0.0	0.0	9.0	0.0	0.0	10.0	0.0	0.0	849
1.0	0.0	1.0	0.0	0.0	0.0	0.0	1.0	0.0	0.0	1.0	0.0	0.0	0.0	3.0	0.0	0.0	1.0	0.0	0.0	850
1.0	0.0	1.0	1.0	0.0	0.0	1.0	1.0	0.0	0.0	0.0	1.0	0.0	0.0	2.0	0.0	0.0	3.0	0.0	2.0	851
0.0	1.0	1.0	0.0	0.0	2.0	0.0	0.0	0.0	0.0	2.0	0.0	0.0	1.0	1.0	0.0	0.0	1.0	0.0	0.0	852
1.0	2.0	2.0	0.0	0.0	0.0	0.0	1.0	0.0	0.0	0.0	0.0	1.0	0.0	1.0	0.0	0.0	1.0	0.0	0.0	853
0.0	0.0	0.0	1.0	1.0	1.0	0.0	0.0	0.0	0.0	1.0	1.0	1.0	2.0	2.0	0.0	1.0	0.0	0.0	0.0	854
0.0	0.0	2.0	0.0	0.0	0.0	0.0	0.0	0.0	0.0	2.0	1.0	0.0	0.0	2.0	0.0	0.0	1.0	0.0	0.0	855
0.0	0.0	0.0	0.0	1.0	0.0	0.0	2.0	0.0	0.0	3.0	0.0	0.0	0.0	3.0	0.0	0.0	0.0	1.0	0.0	856
0.0	0.0	0.0	0.0	0.0	1.0	0.0	2.0	0.0	0.0	6.0	1.0	0.0	0.0	2.0	0.0	0.0	0.0	0.0	0.0	857
0.0	0.0	0.0	2.0	0.0	0.0	0.0	0.0	0.0	0.0	2.0	2.0	0.0	2.0	0.0	0.0	0.0	0.0	0.0	1.0	858
0.0	0.0	0.0	1.0	0.0	0.0	1.0	0.0	0.0	0.0	0.0	3.0	0.0	0.0	0.0	0.0	0.0	0.0	0.0	1.0	859
0.0	0.0	2.0	2.0	0.0	0.0	0.0	0.0	0.0	0.0	5.0	0.0	0.0	0.0	0.0	0.0	0.0	0.0	0.0	1.0	860
0.0	0.0	0.0	1.0	0.0	0.0	3.0	0.0	0.0	0.0	3.0	2.0	0.0	0.0	0.0	0.0	1.0	0.0	0.0	0.0	861
0.0	1.0	1.0	0.0	0.0	0.0	0.0	0.0	0.0	0.0	0.0	2.0	0.0	0.0	1.0	1.0	0.0	1.0	1.0	1.0	862
0.0	1.0	0.0	0.0	0.0	1.0	0.0	0.0	0.0	0.0	1.0	4.0	0.0	1.0	0.0	1.0	1.0	0.0	0.0	0.0	863
0.0	0.0	0.0	4.0	0.0	1.0	0.0	1.0	0.0	0.0	1.0	1.0	0.0	0.0	1.0	0.0	1.0	1.0	0.0	0.0	864
0.0	0.0	0.0	0.0	0.0	0.0	0.0	0.0	0.0	1.0	3.0	2.0	0.0	0.0	0.0	0.0	0.0	0.0	0.0	1.0	865
0.0	0.0	0.0	0.0	0.0	0.0	0.0	0.0	0.0	0.0	1.0	4.0	0.0	0.0	0.0	0.0	0.0	0.0	0.0	1.0	866
0.0	1.0	2.0	0.0	0.0	0.0	0.0	0.0	0.0	0.0	0.0	3.0	0.0	0.0	0.0	0.0	1.0	1.0	0.0	1.0	867
0.0	1.0	0.0	1.0	0.0	2.0	0.0	1.0	0.0	0.0	2.0	3.0	0.0	2.0	0.0	0.0	0.0	0.0	0.0	0.0	868
0.0	1.0	0.0	0.0	0.0	1.0	2.0	0.0	0.0	0.0	0.0	3.0	0.0	3.0	0.0	0.0	0.0	2.0	0.0	0.0	869
0.0	0.0	2.0	0.0	0.0	0.0	0.0	0.0	0.0	0.0	1.0	2.0	0.0	1.0	1.0	0.0	1.0	0.0	0.0	2.0	870
1.0	0.0	0.0	0.0	0.0	1.0	1.0	0.0	0.0	0.0	5.0	1.0	0.0	1.0	1.0	0.0	0.0	0.0	0.0	0.0	871
0.0	0.0	0.0	1.0	0.0	2.0	0.0	0.0	0.0	0.0	1.0	2.0	0.0	0.0	1.0	0.0	1.0	2.0	0.0	0.0	872
0.0	0.0	1.0	1.0	0.0	0.0	1.0	2.0	0.0	0.0	3.0	5.0	0.0	2.0	0.0	0.0	1.0	1.0	1.0	1.0	873
0.0	0.0	0.0	0.0	0.0	2.0	0.0	0.0	0.0	0.0	3.0	1.0	0.0	2.0	0.0	0.0	0.0	0.0	0.0	0.0	874
0.0	1.0	1.0	0.0	0.0	3.0	0.0	0.0	0.0	0.0	1.0	2.0	0.0	2.0	1.0	0.0	1.0	0.0	0.0	1.0	875
0.0	0.0	0.0	1.0	0.0	3.0	0.0	0.0	0.0	0.0	0.0	0.0	0.0	3.0	0.0	0.0	0.0	0.0	0.0	0.0	876
0.0	0.0	0.0	1.0	0.0	3.0	1.0	1.0	0.0	0.0	0.0	0.0	0.0	2.0	1.0	0.0	0.0	0.0	0.0	0.0	877
0.0	0.0	0.0	0.0	0.0	1.0	0.0	0.0	0.0	1.0	0.0	2.0	1.0	2.0	0.0	0.0	0.0	0.0	0.0	1.0	878
0.0	1.0	1.0	0.0	0.0	1.0	0.0	0.0	0.0	0.0	0.0	1.0	0.0	2.0	0.0	0.0	0.0	0.0	0.0	0.0	879
0.0	0.0	0.0	0.0	0.0	1.0	1.0	0.0	0.0	0.0	0.0	1.0	0.0	2.0	0.0	0.0	1.0	0.0	0.0	0.0	880
0.0	0.0	0.0	0.0	0.0	3.0	0.0	1.0	0.0	0.0	1.0	1.0	0.0	6.0	0.0	0.0	1.0	0.0	0.0	1.0	881
0.0	1.0	0.0	3.0	0.0	0.0	1.0	1.0	0.0	0.0	0.0	1.0	0.0	0.0	0.0	0.0	1.0	0.0	0.0	0.0	882
1.0	2.0	0.0	0.0	0.0	0.0	0.0	0.0	0.0	0.0	0.0	2.0	0.0	1.0	0.0	0.0	0.0	1.0	0.0	1.0	883
0.0	0.0	0.0	0.0	0.0	2.0	1.0	0.0	0.0	0.0	0.0	0.0	0.0	5.0	0.0	0.0	1.0	1.0	1.0	0.0	884
0.0	0.0	0.0	1.0	0.0	1.0	1.0	1.0	0.0	0.0	0.0	0.0	0.0	4.0	1.0	0.0	0.0	0.0	0.0	0.0	885
0.0	0.0	0.0	0.0	0.0	2.0	0.0	1.0	0.0	0.0	1.0	1.0	0.0	1.0	0.0	0.0	1.0	0.0	0.0	2.0	886
0.0	0.0	1.0	0.0	0.0	2.0	2.0	0.0	0.0	0.0	0.0	0.0	0.0	1.0	1.0	0.0	1.0	0.0	0.0	0.0	887
0.0	0.0	1.0	0.0	0.0	1.0	0.0	1.0	0.0	0.0	0.0	1.0	0.0	1.0	0.0	0.0	0.0	0.0	0.0	0.0	888
0.0	1.0	0.0	0.0	0.0	1.0	0.0	1.0	0.0	0.0	0.0	3.0	0.0	1.0	1.0	0.0	0.0	0.0	0.0	0.0	889
0.0	1.0	0.0	0.0	0.0	1.0	0.0	0.0	1.0	0.0	0.0	3.0	0.0	0.0	2.0	0.0	2.0	1.0	0.0	0.0	890
0.0	0.0	1.0	1.0	0.0	0.0	0.0	1.0	0.0	1.0	0.0	1.0	0.0	4.0	0.0	0.0	0.0	0.0	0.0	2.0	891
1.0	0.0	0.0	2.0	0.0	0.0	1.0	0.0	1.0	0.0	0.0	1.0	0.0	2.0	0.0	0.0	1.0	0.0	0.0	2.0	892
0.0	0.0	1.0	0.0	0.0	0.0	1.0	0.0	0.0	0.0	0.0	1.0	0.0	2.0	0.0	0.0	0.0	1.0	2.0	0.0	893
0.0	0.0	0.0	0.0	0.0	0.0	0.0	1.0	0.0	0.0	0.0	2.0	0.0	3.0	3.0	0.0	1.0	0.0	0.0	1.0	894
0.0	0.0	0.0	0.0	0.0	0.0	0.0	0.0	0.0	0.0	0.0	0.0	0.0	2.0	0.0	0.0	0.0	1.0	0.0	0.0	895
0.0	0.0	0.0	0.0	0.0	1.0	0.0	0.0	0.0	0.0	0.0	0.0	0.0	3.0	0.0	0.0	0.0	0.0	0.0	0.0	896
0.0	1.0	1.0	0.0	0.0	2.0	0.0	0.0	0.0	0.0	0.0	1.0	0.0	5.0	0.0	0.0	0.0	0.0	0.0	0.0	897
0.0	1.0	0.0	0.0	0.0	0.0	0.0	0.0	0.0	0.0	0.0	1.0	0.0	3.0	0.0	0.0	0.0	2.0	0.0	0.0	898
0.0	0.0	1.0	0.0	0.0	0.0	1.0	0.0	0.0	0.0	0.0	1.0	0.0	3.0	0.0	1.0	0.0	2.0	1.0	1.0	899
0.0	0.0	1.0	0.0	0.0	3.0	0.0	2.0	0.0	0.0	0.0	2.0	0.0	2.0	0.0	0.0	0.0	0.0	0.0	0.0	900
1.0	0.0	0.0	1.0	0.0	1.0	0.0	0.0	0.0	0.0	1.0	4.0	0.0	2.0	0.0	0.0	0.0	0.0	0.0	1.0	901
0.0	1.0	1.0	0.0	0.0	0.0	2.0	0.0	0.0	0.0	0.0	1.0	0.0	2.0	1.0	0.0	0.0	0.0	1.0	0.0	902
1.0	0.0	0.0	0.0	0.0	0.0	0.0	1.0	0.0	0.0	0.0	3.0	0.0	0.0	0.0	0.0	2.0	0.0	0.0	0.0	903
0.0	1.0	0.0	0.0	0.0	3.0	0.0	0.0	0.0	0.0	0.0	3.0	0.0	4.0	1.0	0.0	1.0	1.0	0.0	0.0	904
0.0	0.0	1.0	1.0	0.0	1.0	1.0	0.0	0.0	0.0	0.0	0.0	0.0	0.0	0.0	0.0	1.0	0.0	0.0	0.0	905
0.0	0.0	1.0	0.0	0.0	1.0	0.0	1.0	0.0	0.0	0.0	3.0	0.0	0.0	1.0	0.0	0.0	0.0	0.0	0.0	906
0.0	1.0	1.0	1.0	0.0	1.0	1.0	0.0	0.0	0.0	0.0	1.0	0.0	1.0	0.0	0.0	0.0	0.0	0.0	0.0	907
0.0	0.0	0.0	0.0	0.0	4.0	1.0	0.0	0.0	1.0	0.0	1.0	0.0	1.0	0.0	0.0	1.0	2.0	0.0	1.0	908
0.0	0.0	0.0	0.0	0.0	2.0	0.0	1.0	0.0	0.0	2.0	0.0	0.0	3.0	2.0	0.0	0.0	0.0	0.0	0.0	909
0.0	0.0	1.0	1.0	0.0	3.0	0.0	1.0	0.0	0.0	0.0	0.0	0.0	3.0	0.0	0.0	3.0	1.0	0.0	0.0	910
0.0	1.0	0.0	0.0	0.0	2.0	0.0	2.0	0.0	0.0	0.0	0.0	0.0	0.0	2.0	0.0	0.0	0.0	0.0	2.0	911
0.0	0.0	0.0	0.0	0.0	2.0	1.0	1.0	0.0	0.0	0.0	2.0	0.0	6.0	0.0	0.0	1.0	1.0	0.0	0.0	912
0.0	0.0	0.0	0.0	0.0	1.0	0.0	0.0	0.0	0.0	0.0	2.0	0.0	0.0	2.0	0.0	1.0	0.0	0.0	0.0	913
0.0	1.0	0.0	3.0	0.0	1.0	0.0	1.0	0.0	0.0	0.0	2.0	0.0	1.0	0.0	0.0	2.0	1.0	0.0	0.0	914
1.0	0.0	0.0	0.0	0.0	1.0	1.0	1.0	0.0	0.0	0.0	1.0	0.0	2.0	0.0	0.0	1.0	0.0	0.0	0.0	915
0.0	2.0	1.0	1.0	0.0	1.0	0.0	0.0	1.0	0.0	0.0	3.0	1.0	0.0	1.0	0.0	0.0	0.0	0.0	0.0	916
0.0	1.0	1.0	0.0	0.0	0.0	0.0	0.0	0.0	0.0	0.0	3.0	0.0	0.0	0.0	0.0	0.0	1.0	0.0	0.0	917
0.0	0.0	0.0	0.0	0.0	0.0	0.0	0.0	0.0	0.0	0.0	2.0	0.0	1.0	0.0	0.0	1.0	0.0	0.0	1.0	918
0.0	0.0	0.0	0.0	0.0	3.0	0.0	0.0	0.0	0.0	0.0	1.0	0.0	0.0	0.0	0.0	1.0	1.0	0.0	1.0	919
0.0	0.0	0.0	1.0	0.0	2.0	1.0	1.0	0.0	0.0	0.0	1.0	0.0	0.0	0.0	0.0	1.0	0.0	0.0	0.0	920
0.0	1.0	2.0	0.0	0.0	2.0	0.0	0.0	0.0	0.0	1.0	2.0	0.0	2.0	0.0	0.0	2.0	0.0	0.0	0.0	921
0.0	0.0	0.0	0.0	0.0	1.0	1.0	1.0	0.0	0.0	0.0	0.0	0.0	0.0	1.0	0.0	1.0	1.0	0.0	0.0	922
0.0	0.0	0.0	1.0	0.0	1.0	0.0	0.0	0.0	0.0	1.0	2.0	0.0	0.0	0.0	0.0	0.0	1.0	0.0	0.0	923
0.0	0.0	1.0	0.0	0.0	1.0	1.0	0.0	0.0	0.0	0.0	1.0	0.0	1.0	1.0	0.0	1.0	0.0	0.0	0.0	924
0.0	0.0	0.0	1.0	0.0	1.0	0.0	0.0	0.0	0.0	0.0	0.0	0.0	0.0	0.0	0.0	0.0	0.0	0.0	0.0	925
0.0	1.0	0.0	0.0	0.0	2.0	1.0	0.0	0.0	0.0	0.0	0.0	0.0	0.0	1.0	0.0	1.0	1.0	0.0	0.0	926
0.0	1.0	1.0	0.0	0.0	0.0	0.0	0.0	0.0	0.0	0.0	0.0	0.0	1.0	2.0	0.0	0.0	1.0	0.0	1.0	927
0.0	0.0	0.0	1.0	0.0	2.0	1.0	0.0	0.0	0.0	0.0	0.0	0.0	0.0	0.0	0.0	0.0	0.0	0.0	1.0	928
0.0	0.0	1.0	1.0	0.0	3.0	0.0	1.0	0.0	0.0	0.0	0.0	0.0	0.0	0.0	0.0	0.0	0.0	0.0	0.0	929
0.0	0.0	1.0	0.0	0.0	1.0	1.0	0.0	0.0	0.0	0.0	0.0	0.0	0.0	1.0	0.0	1.0	0.0	0.0	1.0	930
0.0	0.0	0.0	2.0	0.0	0.0	0.0	0.0	0.0	0.0	1.0	0.0	0.0	2.0	0.0	0.0	0.0	0.0	0.0	0.0	931
0.0	1.0	0.0	0.0	0.0	2.0	1.0	0.0	1.0	0.0	1.0	0.0	0.0	0.0	1.0	0.0	0.0	0.0	0.0	0.0	932
0.0	0.0	2.0	1.0	0.0	0.0	2.0	1.0	0.0	0.0	0.0	0.0	0.0	0.0	0.0	0.0	1.0	0.0	0.0	1.0	933
0.0	1.0	1.0	0.0	0.0	1.0	1.0	1.0	0.0	0.0	0.0	0.0	0.0	1.0	0.0	0.0	2.0	0.0	0.0	0.0	934
0.0	0.0	2.0	0.0	0.0	1.0	0.0	4.0	0.0	1.0	0.0	0.0	0.0	0.0	0.0	0.0	0.0	0.0	0.0	1.0	935
0.0	0.0	0.0	1.0	0.0	0.0	0.0	0.0	0.0	0.0	0.0	0.0	0.0	0.0	1.0	0.0	1.0	1.0	0.0	1.0	936
0.0	0.0	1.0	0.0	0.0	1.0	0.0	1.0	0.0	0.0	0.0	0.0	0.0	0.0	0.0	0.0	1.0	0.0	0.0	0.0	937
0.0	0.0	1.0	0.0	0.0	0.0	1.0	4.0	0.0	0.0	0.0	0.0	0.0	0.0	0.0	0.0	3.0	0.0	0.0	0.0	938
0.0	1.0	1.0	0.0	0.0	1.0	1.0	3.0	0.0	0.0	1.0	0.0	0.0	1.0	1.0	0.0	2.0	0.0	0.0	0.0	939
0.0	0.0	2.0	0.0	1.0	1.0	1.0	3.0	0.0	0.0	0.0	0.0	0.0	0.0	0.0	0.0	5.0	1.0	0.0	0.0	940
0.0	0.0	2.0	0.0	0.0	1.0	0.0	4.0	0.0	0.0	1.0	0.0	0.0	0.0	1.0	0.0	1.0	0.0	0.0	0.0	941
0.0	1.0	2.0	0.0	0.0	1.0	0.0	1.0	0.0	0.0	0.0	0.0	0.0	0.0	0.0	0.0	2.0	0.0	0.0	0.0	942
0.0	0.0	3.0	0.0	0.0	0.0	0.0	2.0	0.0	0.0	0.0	0.0	0.0	0.0	1.0	0.0	4.0	1.0	0.0	0.0	943
0.0	1.0	2.0	0.0	0.0	0.0	0.0	0.0	0.0	1.0	1.0	0.0	0.0	0.0	0.0	0.0	1.0	0.0	0.0	1.0	944
0.0	0.0	2.0	0.0	0.0	0.0	1.0	2.0	0.0	0.0	0.0	0.0	1.0	0.0	0.0	0.0	1.0	0.0	0.0	0.0	945
0.0	2.0	2.0	0.0	1.0	0.0	0.0	0.0	0.0	0.0	0.0	0.0	0.0	0.0	0.0	0.0	4.0	1.0	1.0	1.0	946
0.0	1.0	0.0	1.0	0.0	0.0	0.0	1.0	0.0	1.0	0.0	0.0	0.0	0.0	1.0	0.0	0.0	0.0	0.0	0.0	947
0.0	1.0	2.0	0.0	0.0	0.0	1.0	1.0	0.0	0.0	0.0	0.0	0.0	0.0	0.0	0.0	1.0	0.0	0.0	0.0	948
0.0	0.0	0.0	1.0	0.0	0.0	1.0	2.0	0.0	0.0	0.0	0.0	0.0	0.0	0.0	0.0	4.0	0.0	0.0	0.0	949
0.0	1.0	1.0	0.0	0.0	1.0	0.0	1.0	0.0	0.0	0.0	0.0	0.0	0.0	1.0	0.0	1.0	0.0	0.0	0.0	950
0.0	1.0	3.0	1.0	0.0	1.0	1.0	1.0	0.0	0.0	0.0	0.0	0.0	0.0	1.0	0.0	2.0	1.0	0.0	1.0	951
0.0	0.0	1.0	1.0	0.0	0.0	0.0	0.0	0.0	0.0	0.0	1.0	0.0	0.0	1.0	0.0	1.0	0.0	0.0	3.0	952
0.0	0.0	2.0	0.0	0.0	0.0	0.0	1.0	0.0	1.0	1.0	0.0	0.0	0.0	0.0	0.0	1.0	1.0	0.0	2.0	953
0.0	0.0	0.0	1.0	0.0	0.0	0.0	1.0	0.0	0.0	0.0	0.0	0.0	0.0	0.0	0.0	1.0	0.0	0.0	1.0	954
0.0	0.0	1.0	0.0	0.0	0.0	0.0	2.0	1.0	0.0	1.0	0.0	1.0	1.0	0.0	0.0	1.0	1.0	0.0	1.0	955
0.0	2.0	1.0	0.0	0.0	0.0	0.0	1.0	0.0	0.0	0.0	0.0	0.0	0.0	0.0	0.0	1.0	0.0	0.0	1.0	956
0.0	0.0	1.0	0.0	0.0	0.0	0.0	1.0	0.0	0.0	0.0	0.0	0.0	0.0	0.0	0.0	1.0	0.0	0.0	3.0	957
0.0	0.0	1.0	2.0	0.0	0.0	1.0	2.0	0.0	1.0	0.0	0.0	1.0	0.0	0.0	0.0	2.0	1.0	0.0	0.0	958
0.0	0.0	0.0	0.0	0.0	0.0	1.0	2.0	0.0	0.0	0.0	0.0	0.0	0.0	0.0	0.0	0.0	1.0	0.0	1.0	959
0.0	0.0	0.0	0.0	0.0	0.0	1.0	4.0	0.0	0.0	0.0	0.0	0.0	0.0	0.0	0.0	3.0	0.0	0.0	0.0	960
0.0	1.0	1.0	0.0	0.0	0.0	1.0	1.0	0.0	0.0	1.0	0.0	0.0	0.0	0.0	0.0	0.0	1.0	0.0	2.0	961
0.0	1.0	1.0	0.0	0.0	0.0	1.0	2.0	0.0	0.0	0.0	0.0	0.0	0.0	1.0	0.0	1.0	1.0	0.0	3.0	962
0.0	0.0	3.0	0.0	0.0	0.0	1.0	5.0	1.0	0.0	0.0	0.0	0.0	0.0	0.0	0.0	1.0	0.0	0.0	1.0	963
0.0	0.0	2.0	1.0	0.0	0.0	1.0	2.0	0.0	1.0	0.0	0.0	0.0	0.0	0.0	0.0	0.0	1.0	0.0	4.0	964
0.0	0.0	0.0	0.0	0.0	0.0	0.0	3.0	0.0	0.0	0.0	0.0	0.0	0.0	0.0	0.0	2.0	0.0	1.0	1.0	965
0.0	1.0	0.0	0.0	0.0	0.0	1.0	3.0	0.0	1.0	1.0	0.0	1.0	0.0	0.0	1.0	1.0	0.0	0.0	2.0	966
0.0	1.0	2.0	0.0	0.0	1.0	0.0	2.0	1.0	0.0	0.0	0.0	0.0	0.0	0.0	0.0	1.0	0.0	0.0	0.0	967
0.0	0.0	2.0	1.0	0.0	0.0	0.0	2.0	2.0	0.0	0.0	0.0	0.0	0.0	1.0	0.0	0.0	0.0	0.0	1.0	968
0.0	1.0	0.0	1.0	0.0	1.0	0.0	1.0	0.0	0.0	0.0	0.0	0.0	0.0	1.0	0.0	0.0	1.0	0.0	1.0	969
0.0	0.0	1.0	1.0	0.0	0.0	0.0	2.0	0.0	1.0	1.0	0.0	0.0	0.0	0.0	0.0	1.0	1.0	1.0	1.0	970
0.0	1.0	0.0	0.0	0.0	0.0	0.0	0.0	0.0	0.0	0.0	0.0	1.0	0.0	1.0	0.0	1.0	1.0	0.0	0.0	971
0.0	4.0	0.0	0.0	0.0	0.0	0.0	0.0	0.0	0.0	0.0	0.0	0.0	0.0	0.0	0.0	0.0	1.0	0.0	2.0	972
0.0	0.0	0.0	0.0	1.0	0.0	1.0	0.0	1.0	0.0	1.0	0.0	0.0	0.0	1.0	0.0	0.0	3.0	0.0	2.0	973
0.0	0.0	0.0	1.0	0.0	0.0	1.0	1.0	0.0	0.0	0.0	1.0	0.0	0.0	0.0	0.0	0.0	1.0	0.0	3.0	974
0.0	1.0	2.0	0.0	0.0	0.0	0.0	0.0	0.0	0.0	0.0	0.0	1.0	0.0	0.0	0.0	0.0	0.0	0.0	0.0	975
0.0	0.0	2.0	0.0	0.0	1.0	1.0	1.0	0.0	0.0	0.0	0.0	0.0	1.0	0.0	0.0	1.0	0.0	0.0	0.0	976
0.0	1.0	2.0	1.0	0.0	0.0	0.0	0.0	1.0	0.0	0.0	0.0	0.0	0.0	0.0	0.0	0.0	1.0	0.0	0.0	977
0.0	0.0	3.0	0.0	0.0	0.0	1.0	0.0	0.0	0.0	0.0	0.0	0.0	0.0	0.0	0.0	0.0	0.0	0.0	0.0	978
0.0	1.0	1.0	0.0	0.0	0.0	0.0	1.0	0.0	0.0	0.0	0.0	0.0	0.0	1.0	0.0	0.0	0.0	0.0	1.0	979
0.0	0.0	3.0	0.0	0.0	0.0	1.0	0.0	0.0	0.0	1.0	0.0	1.0	1.0	0.0	0.0	2.0	0.0	0.0	0.0	980
0.0	2.0	0.0	3.0	0.0	0.0	1.0	1.0	0.0	0.0	1.0	0.0	0.0	0.0	1.0	0.0	0.0	2.0	0.0	0.0	981
1.0	2.0	1.0	0.0	0.0	0.0	1.0	0.0	0.0	0.0	0.0	0.0	0.0	0.0	1.0	0.0	2.0	4.0	0.0	3.0	982
0.0	3.0	0.0	0.0	1.0	1.0	0.0	0.0	0.0	0.0	1.0	0.0	0.0	0.0	1.0	0.0	3.0	4.0	0.0	1.0	983
0.0	2.0	2.0	1.0	0.0	0.0	0.0	1.0	0.0	0.0	1.0	0.0	0.0	0.0	1.0	0.0	0.0	1.0	0.0	1.0	984
0.0	0.0	0.0	0.0	0.0	1.0	0.0	0.0	0.0	0.0	0.0	0.0	0.0	0.0	0.0	0.0	0.0	3.0	0.0	1.0	985
0.0	1.0	0.0	0.0	0.0	1.0	0.0	0.0	0.0	0.0	0.0	0.0	0.0	0.0	1.0	0.0	1.0	0.0	0.0	1.0	986
0.0	2.0	1.0	0.0	1.0	0.0	0.0	0.0	0.0	0.0	0.0	0.0	0.0	0.0	0.0	0.0	1.0	2.0	0.0	1.0	987
0.0	2.0	2.0	0.0	0.0	0.0	0.0	1.0	0.0	0.0	0.0	0.0	0.0	0.0	1.0	0.0	0.0	2.0	0.0	1.0	988
0.0	1.0	0.0	0.0	0.0	0.0	0.0	3.0	0.0	0.0	1.0	0.0	0.0	0.0	2.0	0.0	0.0	0.0	2.0	0.0	989
0.0	1.0	1.0	1.0	0.0	1.0	1.0	2.0	0.0	1.0	0.0	0.0	0.0	0.0	0.0	0.0	0.0	1.0	0.0	3.0	990
0.0	1.0	0.0	0.0	0.0	1.0	0.0	0.0	0.0	0.0	0.0	0.0	0.0	1.0	0.0	0.0	2.0	0.0	0.0	1.0	991
0.0	1.0	2.0	1.0	0.0	0.0	0.0	0.0	0.0	0.0	1.0	0.0	0.0	0.0	2.0	0.0	2.0	3.0	0.0	1.0	992
1.0	1.0	1.0	2.0	0.0	0.0	1.0	0.0	1.0	0.0	0.0	0.0	0.0	0.0	0.0	0.0	0.0	1.0	0.0	2.0	993
0.0	1.0	2.0	0.0	0.0	0.0	1.0	1.0	0.0	0.0	0.0	0.0	0.0	0.0	0.0	0.0	2.0	1.0	0.0	3.0	994
0.0	0.0	5.0	0.0	0.0	0.0	1.0	0.0	0.0	0.0	0.0	0.0	0.0	0.0	1.0	0.0	2.0	1.0	0.0	2.0	995
0.0	0.0	0.0	0.0	0.0	0.0	0.0	0.0	0.0	0.0	0.0	0.0	1.0	0.0	0.0	0.0	0.0	2.0	0.0	1.0	996
0.0	0.0	3.0	0.0	0.0	0.0	0.0	0.0	0.0	0.0	0.0	0.0	0.0	0.0	0.0	0.0	2.0	3.0	1.0	4.0	997
0.0	2.0	2.0	1.0	0.0	1.0	0.0	0.0	0.0	0.0	0.0	0.0	0.0	0.0	1.0	0.0	1.0	0.0	0.0	2.0	998
0.0	1.0	3.0	1.0	0.0	0.0	1.0	0.0	1.0	2.0	0.0	0.0	0.0	0.0	2.0	0.0	1.0	1.0	0.0	0.0	999
0.0	1.0	3.0	0.0	0.0	0.0	0.0	0.0	0.0	3.0	0.0	0.0	1.0	0.0	1.0	0.0	1.0	0.0	0.0	1.0	1000
51.0	93.0	18.0	141.0	45.0	8.0	140.0	49.0	37.0	11.0	211.0	27.0	27.0	48.0	124.0	26.0	45.0	92.0	34.0	57.0	1001
